4.511135358108518956e-01
1.416833589663233139e+00
-7.163765142328770708e-01
-2.397613426912620915e-01
1.333810543523116232e+00
-8.661278585860344714e-01
2.783658958784213766e+00
-1.366479958517855975e+00
-6.815273072281897715e-01
-2.660876816688807489e-01
5.648899812443215485e-01
1.078831328058003303e+00
1.023265975524646931e+00
-6.750112049348583332e-01
-1.535483713733700295e+00
-2.327815525610349712e-01
6.041695590964515361e-01
2.070060686804112704e-01
-4.454159261404868619e-01
1.125974933525043742e+00
2.531754085362936113e-03
-8.460101251256484378e-01
7.190733148924882689e-02
-1.351582468775568202e+00
-4.968099676462044423e-01
2.844235693521843800e-01
-4.680148840340402350e-01
-8.032214383685208903e-01
-5.263013105090917909e-01
-7.586011105075070038e-01
1.312133774108585005e+00
-4.424893221002040855e-01
-1.199884351499468593e+00
7.580289595034551686e-01
1.149491073583749579e+00
-1.239237545626585169e+00
-2.395470208293968284e+00
-8.151760299154808820e-02
-5.742919593721973470e-02
-1.153935485511018655e+00
-1.602606471971875113e+00
-9.991942489918506087e-01
2.169153006232514835e-01
5.126218848049209909e-01
-1.095241750259954294e-01
-3.707423748820167786e-01
2.809911399536573207e-01
-1.159199610032002115e+00
-7.909849112923912351e-01
-1.497997891016209060e+00
-1.428767969958545159e+00
-7.268148662207809529e-01
-4.982238530485850192e-01
-1.569638728894600543e+00
-1.963930158111564239e-01
-1.293652543212685968e+00
-6.548763363599664489e-01
1.022961649086814528e+00
-2.634530924197612256e-01
-2.216254986365975732e+00
1.282178318893631985e-01
-3.794094179354283725e-01
-1.766691824893156237e+00
-1.735308841683643966e+00
-2.285634862592243355e+00
-3.044570825691517157e-02
-3.537922212549110546e-01
-8.227821598160836025e-01
-1.088606315574941918e+00
-7.901465055035580276e-01
-2.587371989158968599e-01
-1.173939643483649098e+00
-5.378158297268528232e-01
-5.978727343565737318e-02
4.222044692615642969e-01
-1.734251179852753344e+00
-5.896871067636226815e-01
-1.224955960617336359e+00
-1.540993331448933246e+00
-5.625103213248400236e-01
-1.765198033481827078e-01
7.468902711770982750e-01
1.162247279048602255e+00
-1.697250015819394386e+00
-7.932958803767177214e-01
-1.745387275111955461e+00
-6.919382363309338757e-01
-1.184522295225388655e+00
-1.511353679761786806e+00
1.466636697542853252e-01
-6.079067400553895828e-01
1.081980685232736272e-02
-1.137073222882817092e+00
-8.697898294913202211e-01
-2.158308460380040206e+00
9.243936425885909691e-02
-2.465016407693377265e-01
-7.250054167109571956e-01
3.976692656360819589e-01
9.932079749469806540e-01
-3.022870351767881769e-01
-5.046576351990575970e-01
1.282798874282740920e-01
-1.508739602878875208e-01
7.533760011325875139e-01
-4.873273574211595682e-01
3.203424390958188317e-01
-9.205029938825962654e-01
-1.881847136438794310e+00
-3.313540959740044478e-01
-1.682515943503338773e+00
-6.893930504141847493e-01
1.662512993318277399e+00
-1.270723082248209346e-01
4.401145356503496919e-01
-1.634658037123644325e+00
-1.015805938137701592e+00
-1.575139502333581909e+00
2.760537340976132459e-01
-1.685861338103660678e+00
-1.818696391029330561e+00
5.111809252741625897e-01
-1.001045108633359382e+00
-2.807731051526251687e+00
-1.750128334703338062e-02
-1.919481053086593558e+00
-1.070615413983867947e+00
1.832524430560570572e+00
1.646721017384666030e+00
-5.370288052218957775e-01
-9.941030391127569921e-01
-1.870789218476080484e-01
-6.511458305792874324e-01
-5.209291082447564669e-02
-2.033104540396515780e+00
-1.621490738999439074e+00
-9.398777864579954677e-02
-1.446248617372302592e+00
6.712516274374513703e-01
4.977583012297133180e-01
6.913987616460833818e-01
-4.156882458755262189e-02
-1.895226947188384692e+00
-2.046628854519307872e+00
-4.676729194928291311e-01
-5.473432813428789068e-01
-1.817806287616384520e+00
-1.452281149678482652e+00
-8.788506527085198083e-01
-1.511347757533401781e+00
-1.305439400619242685e+00
-6.231094217287735937e-03
-1.475728557156202658e+00
-1.135284524520790761e+00
-1.970094505804425467e+00
2.639055151775567820e-01
-2.660955765443650201e+00
-2.341273996862726747e+00
-1.326357479212371793e+00
6.612556532577512636e-01
3.667865985045961619e-01
9.926680725054541909e-01
-8.564465908905438685e-01
-8.252647719959147476e-01
1.010862851986187083e+00
-5.892871633236285156e-01
-2.467415172827977510e-01
-1.344014096866320784e+00
-1.414154720569853474e+00
-1.352849784850029824e-01
-7.962233491961484555e-01
6.269989496485185443e-01
-1.786587429583383901e+00
4.754384034687282323e-01
-1.349124470290337552e+00
-8.769043033922807595e-02
1.367257701578445284e+00
-2.168356070720586448e+00
8.584997722993699121e-01
-6.667917431692971242e-01
8.164309005130993002e-01
-2.048954432836584516e+00
-1.689422595055806831e+00
-1.915760778782903406e+00
1.730548851221989093e-01
-2.864169260274612716e-01
6.663774215824906921e-01
-1.537213297457481254e+00
-9.377795581239867229e-01
1.021668108302361100e+00
2.437449665586224334e-01
-1.315568846781128287e-01
1.298585368211675917e+00
2.090000448229664687e-02
1.392363692227210237e+00
6.674200857594225766e-01
1.218321810450287312e+00
-3.032308955499589675e-01
-3.753207107063663006e-01
-5.287854497388966291e-01
1.144089867433908836e+00
-1.281746370088222342e+00
-2.626244047951107330e-01
1.967220783884283453e+00
-2.150292367560398543e-01
8.005629368283020408e-01
3.096509487457907439e-01
-2.830067046681972731e-01
3.401790876186585044e-01
2.078630007748962782e+00
5.749017969454067734e-03
8.779072796780296173e-02
-9.784488190182351053e-01
-5.765155034469564566e-01
-1.338394787671542074e+00
1.491892902387076170e+00
6.763777582711032466e-01
8.927206905343226806e-01
1.561399791846107998e+00
-6.027556430818010735e-01
-7.292360350712401296e-01
-4.381185606102894758e-01
-1.500175586355371848e+00
-4.531646819494485334e-01
-1.681533576077721914e+00
-3.321395666792570367e-02
-4.913303101411299889e-01
-5.081258664311546491e-01
2.104715697064321045e-01
1.049061144393527378e+00
-1.708123965806068512e+00
-3.873663160846214093e-01
-2.277923424435353450e+00
-2.695731579037471404e-01
-1.890118636170956101e+00
-2.520491539270254822e-01
-2.155147964582456499e+00
4.711106455383105018e-01
-1.445471463676694324e+00
-1.673210022853005796e+00
-3.126813430262992410e-01
-9.762016735049533489e-01
-7.344423171159978336e-01
-1.663767729956860952e-01
-1.177482230788132078e+00
2.637187259419208063e-01
3.697879054922630360e-01
-1.703358624878583694e+00
-7.073500392312739304e-01
-2.962315544869035033e+00
-1.771866649123489568e+00
-2.046081468136607739e+00
-2.372552899958348505e+00
-5.819579690234870650e-01
-2.186911690391583285e+00
-2.109744845995523699e-01
-1.188093406546927300e-01
-1.101382927620119911e+00
-7.725380475904537469e-01
-4.534680525509520721e-01
-1.773189909740362058e+00
-1.953257784596712288e+00
-2.295740629101399310e+00
-9.385163504624560726e-01
-8.078315614900499764e-02
-1.499440415314715391e+00
1.998332159844894429e-01
-1.892466681928867356e+00
-1.428330039064173107e+00
-7.114559345170107241e-01
-1.730955519094643069e+00
-1.179980848985877184e+00
-6.728439038464226751e-01
-1.015748081222053623e+00
4.793664521907987641e-01
-7.299029731995996251e-01
1.886047692505458340e+00
-4.519889742535322386e-01
-2.376269712949198532e+00
-7.115262695184472186e-01
4.745221751934585175e-01
-2.421702837171570977e+00
-4.006949582286649103e-01
8.064107175358681268e-01
-5.652813875001406752e-01
-2.609962391249059710e+00
7.521072917573716765e-01
8.605677587341911128e-01
-5.167714733926394022e-01
2.737843316560388818e+00
1.142054760905645283e-01
-3.864085152182996641e-01
1.503336825931866461e+00
-6.428574898079698619e-01
3.327991351079321314e-01
2.230087715775484758e-01
-9.253161768788920050e-01
-1.021282280970432277e+00
4.899391824679588114e-01
7.614811722779718517e-01
-4.252330557485728413e-01
1.446676122267935849e+00
-5.821981757130987312e-01
-6.470549614096328395e-02
-1.037101780071611357e+00
-8.942242660414467803e-01
-1.809135288398115105e+00
3.263743376856743650e-01
1.458865842923917411e+00
-1.056867324751116666e+00
-9.228319797397372959e-01
1.173182164155186502e+00
-2.686970223115032752e-01
-2.647026258863632187e+00
-5.356369342520370669e-01
-9.593327627126302382e-01
-7.337973109562243579e-01
-1.058669378935135352e+00
9.874224710529334592e-01
9.090202486065402931e-01
-1.101434887449835420e+00
-1.122225634252652871e+00
-2.810928820138104189e+00
-1.162250496212803075e+00
-1.838486654654231556e+00
7.794498983782354173e-01
-5.635679850323646045e-01
-1.061371218919313630e+00
-1.925446847883056201e+00
-1.278926793677820140e+00
-1.167788403508911443e-01
-9.452871757914689255e-01
-1.154145007659128197e+00
-5.321237637065646675e-01
-2.634869929200388761e+00
2.706562400709388028e-01
-1.761030436124518816e+00
-2.332837077541270343e+00
-5.334248756629396127e-01
2.758023404772651510e-01
-1.962125369369541961e+00
5.251988896395120010e-01
-8.849279116154246116e-01
-1.502834766146952772e+00
-1.341258293248257072e+00
-1.013972525529134083e+00
-2.495055128950651735e-02
-6.556970446009338094e-01
-1.093122845520691833e+00
-1.344476824559694972e+00
-3.069837988221641112e+00
-1.335920645746419666e+00
-2.411971994972909705e+00
-3.751465754605195491e-01
-4.098263873060518092e-01
-9.837282579852799635e-01
-3.436495777494090742e-01
-1.001183270652815649e+00
-6.248655697104380513e-01
-6.096821710340746270e-01
-5.250658596528499089e-01
-1.782222915046059564e+00
-2.092738874675182714e+00
1.751109536788713061e-01
-2.486635734925502383e+00
-2.896991738471387912e+00
-8.910520958545729009e-01
-1.422455243853471885e+00
-4.319156561570346442e-01
-3.809383453270813735e-01
-1.487190544027352068e+00
-7.879128312310407223e-01
-5.198829558669189055e-01
-7.432320699943455455e-01
1.011720683643080321e-02
-1.781768001052475459e+00
-1.597483700288406805e+00
-1.828059231871821400e-01
9.224940203399363270e-01
-7.287135953799875887e-01
-9.218055796683792824e-01
1.493690491858107983e+00
-1.014937844813424417e-01
8.537981639867500139e-01
-1.275741988716952324e+00
-1.361385831597688167e-01
-9.746228903895077789e-01
2.756285640565453443e-01
-7.388334521907022889e-01
-1.413637631876018208e+00
6.068284822841354398e-01
-1.202773592705116412e+00
4.690626165703259964e-03
8.745382965978364398e-01
-2.345671597951641818e-01
-6.841696339884157929e-01
-8.459593409131349606e-01
-5.588672076061806937e-01
6.469362512196510373e-01
9.535033153549726803e-03
-1.189390970619039312e+00
1.721259476368663666e-01
-1.616029755404450041e+00
1.629734067223246319e-01
5.380670120597417228e-01
1.491096622542931183e-01
-4.981907389008388698e-02
-2.091436914587376350e+00
6.352873467529396301e-01
2.410760587310455394e-01
-4.199363402755511565e-01
7.390355653132754110e-01
-6.359767603117130741e-02
-2.216129447606346226e+00
6.371836270344501951e-01
-4.341166776713329956e-01
-5.707529414048575500e-01
-1.800802444605283104e-01
-1.609843609035712220e+00
2.009910303807608267e-01
7.833822042392799556e-01
4.895559380050896192e-01
-7.528113615936232739e-01
-1.065416443187307660e+00
4.921715932030559237e-01
-2.752936569001419587e-01
-1.024915013590947388e-01
-1.655496120429833296e+00
-7.711808434381108857e-01
-4.705355098839187900e-01
-4.678536233280849999e-03
-4.500393277177794360e-01
-1.835619587035270506e+00
-1.046493917236253735e+00
-2.215562477677752717e+00
-8.378336787021194443e-01
-1.246382042104305699e+00
-6.750571407224214004e-01
-1.833844206159772394e+00
6.299306193622522532e-01
-1.784315759067348628e-01
-5.660246296554551915e-01
-8.558991270439332277e-01
-1.029704572984755817e+00
-1.478452414226141265e+00
-1.187273086969696134e+00
-5.721390859400252715e-01
-1.082181092797174227e-02
-4.828743267826384744e-01
-8.400101947006736181e-01
-1.147097166253861156e+00
4.870996912914347110e-01
-1.836681346581105601e+00
-1.538042666410119885e+00
-4.075569456129729540e-01
-3.163905182441644204e-01
-1.739643122642160478e+00
-1.119841055728800328e+00
-4.805910258260103207e-01
-2.098870470041346525e+00
-1.171731787114581147e+00
-1.458838058561239492e+00
-7.652643402447081300e-01
-2.350692837628767684e+00
5.563931370725518910e-01
-7.699717283762753661e-01
-2.701883473584051343e-01
-9.070319676182023727e-01
-3.360855360187094409e-01
-2.647873806902512062e+00
8.175142799721714093e-01
-1.660561718994328917e-01
-2.499354958821308870e+00
-8.719848968874346351e-01
-2.481661453309281118e+00
-1.176864447494998966e+00
2.123779192213720357e+00
-2.594957572780483446e+00
-2.585994078547720676e+00
5.995790651544237182e-01
-2.656469755270526312e-01
1.213618854179076223e+00
-1.471006074212654613e-01
-1.807941916445914732e+00
-1.563533256974223296e+00
1.043260407225188979e+00
-6.064332573937274429e-01
-1.135671185482064194e-01
-8.478716103799903703e-01
7.195252436677299634e-01
5.114156774468228139e-01
-1.020600610351686477e+00
5.037507171164823383e-01
4.283321831253865675e-01
4.393403467072647395e-01
1.200979339722341388e+00
7.295585092127205851e-01
9.867810779188985748e-01
-1.127415037149511523e+00
3.486635049477794235e-01
-1.062874493293843425e+00
7.852777249734668175e-01
-9.484929086563367306e-01
-7.965142687327215754e-01
-1.725162305483051606e+00
-5.348642381864308071e-01
6.796745122458214272e-02
-4.779591963237255214e-01
5.500919932549563907e-01
-3.132712459334330291e-01
-3.880687343768619568e-01
-7.044554295367315699e-01
-9.757946977395088872e-01
6.072785124876878271e-01
-1.027793583046782144e+00
-1.312858534533077437e+00
-1.331995065894710839e+00
-3.454863552802791560e-01
2.550490932913933584e-01
3.533931104582062055e-01
-2.580119886742801683e+00
5.258609984198148180e-01
-3.214276096440360497e-01
-7.410591918542039913e-01
6.773060253649991758e-01
2.870641309414312392e-02
9.772585629206769209e-01
5.731466210566096287e-01
-1.033811971477816893e+00
-1.060389689725672602e+00
-6.603240078982253181e-02
-1.080023688302647500e+00
-6.645242130793101998e-01
-1.223506873174671883e+00
2.090083475212149988e-01
-1.212292234905846922e+00
-2.516525981131698675e-01
-1.970299854639473214e+00
2.592427894316022829e-01
-1.805535204517056513e+00
6.830439207010124969e-01
-1.472583527802230341e+00
-3.938518669678520157e-01
-9.717896337898787040e-01
-1.008933906960844507e+00
-1.530441483587877016e+00
-5.598635159494869118e-01
-2.794390801322284901e+00
-1.964746773092379550e-01
-1.162473943246827623e+00
-1.062896829972650226e+00
-5.599066284686105011e-01
1.769108287747461095e+00
-6.551629526306887996e-01
-2.413202472337648175e+00
-1.995965224895805967e+00
-2.396337342388353608e+00
-1.838308489680888780e+00
4.309918581295894002e-01
1.015283991092574833e-01
-2.098831067373078119e-01
1.613384006740503418e+00
-1.776260152583089003e-01
-4.176703173664211288e-01
-1.206580512094794555e+00
-2.279736624848094362e+00
9.188400547097358428e-01
-7.467767758746184370e-01
-1.353361421056107350e+00
-1.919599017443475386e+00
-5.703852500145805138e-01
-2.375331161652623813e+00
-2.438967977333837744e+00
1.325414368830271306e+00
-1.461665046329206352e-01
1.439708025630189736e+00
-1.396789676211380726e+00
2.618899955863436269e+00
-2.033927819956434568e+00
-2.413138379907342479e-01
-1.760353226080993760e+00
-7.457565179598812932e-01
-2.848805011614116367e+00
-5.848111353214607844e-01
-1.793417726574915605e+00
-1.197851801363310820e+00
-3.792354291695955171e-01
-1.962240155658958596e+00
4.568445577312637562e-01
4.416377225961840569e-01
8.568087715833274665e-01
-3.006512260413191084e-01
1.668039871231886406e-01
5.292090606527470875e-01
3.776917398843323004e-01
5.627839545520507691e-01
-2.122475419311701028e+00
2.379569008240743244e+00
1.895070295853132913e+00
-1.732355562208024002e+00
-8.718573246656463605e-01
8.270132791344769752e-01
5.820933554631579909e-01
1.982194038304822659e+00
-6.428956391615472388e-01
-4.946829238586773481e-01
-3.929635723640941825e-01
6.023561588445710546e-01
7.284611544801142813e-01
-4.029444472039070968e-01
-2.630653636644408877e-01
2.780162933328070851e-01
-1.985741909017364470e-01
9.557591809157135465e-01
-1.201255045419117762e+00
1.029285076861179982e-01
-3.964700464403247970e-02
1.154561429032300857e-01
1.045534353102782754e-01
-3.795526078843448614e-01
-2.465573722729724748e-02
-8.744910150383817804e-01
-8.948933642941924171e-01
1.160269381342004191e+00
5.868426881566133346e-01
-3.172925758002154151e-02
-1.746370527598219313e+00
-1.617204402760694659e+00
-1.681268420875138059e+00
9.350145691571359885e-01
-1.781533525108840443e-01
-2.178695777884453455e-01
-2.414819431507256642e+00
5.455819264601546870e-02
1.010919435055973592e-01
-1.552721523844575291e+00
-7.308935299885583881e-01
9.677521347975277521e-01
-6.880720358324246000e-01
-7.348199230414873551e-01
-5.348441853644182453e-01
-5.620007997744621564e-01
-2.196305405395772681e+00
-1.734454535429841293e-02
-1.543267083738839363e+00
-1.249940092031266659e+00
-1.656489555981258688e+00
-1.508918731504669042e+00
-8.135577889490676062e-01
-1.742706104231332542e+00
-1.551835693826573159e-01
-7.971728158374643547e-01
-8.878876630412743109e-01
-1.452260728900010900e+00
-1.307327125348912267e+00
-1.417434444519533043e+00
-1.039507513542987871e+00
-1.118078860233278515e+00
-5.618488809140576024e-02
-1.870017491330134618e+00
-1.104712437577549666e+00
-1.243580522248123765e+00
-1.678042968341548313e+00
-9.464574611937841553e-01
-1.350052728309384165e+00
-1.664085150411352299e+00
-1.311083927383868364e+00
-6.695105651182114981e-01
-1.306564627064411788e+00
-2.783260255297268504e+00
5.782190745799621334e-01
1.331747374429078645e-01
4.812196521299150209e-01
1.399832837320659218e+00
-1.092650183332855685e+00
-7.447695837137401353e-01
-2.128565892725833852e-01
-4.992889166727897954e-01
-5.377150474780889589e-01
-1.057749230332979407e-01
-1.230583634750102684e+00
9.897843070269262133e-01
-6.187877213348056404e-01
-2.225046837003089806e+00
2.553306205654361505e-01
1.333713729913997836e+00
-9.290859311560099032e-01
-7.979897132635836998e-01
-3.738162248979939317e-01
9.875034570332377193e-01
-1.104733132591340233e-01
1.899234087243653279e+00
-1.466076291022633260e+00
-6.921277702255039799e-01
8.374291685141022068e-01
-1.085685089233392908e+00
-2.773962454523467014e-01
-3.425343330006851428e-01
5.782111995212199096e-01
-1.625061617738115638e+00
6.522587748126040808e-01
3.563660102711560529e-01
8.466607952819120708e-01
-4.825228279193612968e-01
-4.196171254282836660e-01
-3.703129402794059777e-01
1.514099908149644680e+00
-8.973439832434199070e-01
2.270481713800530432e+00
-1.318167341057995823e-01
5.943385621113687067e-01
-1.127191735681547957e+00
-2.326529637152563446e+00
-1.692635567392568818e+00
1.203123581522371977e+00
-1.142347199971075922e+00
3.556296365551429584e-01
-2.564176927574132181e-01
-1.512558560954005760e+00
2.264296266924081813e-01
-1.863880714764980295e+00
-4.584166406359729828e-01
-6.117417154709282601e-01
-1.397523801524404030e-01
-1.430581184649621029e+00
-2.448521981407561499e-01
-4.034317666887989873e-01
-2.964589787060548653e-01
-2.572948000502290888e+00
-3.653345984054628404e-01
-2.857703419572287795e-01
-2.431010449372683624e-02
-9.898195841130843498e-01
-2.017156586180329558e+00
-6.529696549524229843e-01
-7.580012640299171878e-04
-1.764672635975747195e+00
-6.974110105507586033e-01
-3.413282814614190919e+00
-2.764358268837334265e+00
-1.518502732246885811e+00
-6.442729808279479276e-01
2.181268080397481546e-01
-2.425984628658588438e+00
1.849281386883364853e+00
5.210178081406946493e-02
1.921318926935956739e+00
-2.321574152253488954e+00
3.288230667779754590e-01
-2.550960937797797534e+00
-6.044277893271946533e-01
-5.542727800874115429e-01
-1.644963296469042380e+00
-1.894854443854545600e+00
-4.149008603635984116e-03
-6.721497255277952831e-01
3.631894554481329696e-02
-1.629262378727784899e+00
-1.769023460107987500e+00
5.489551377058088377e-03
-9.783328469684038353e-02
2.082264843987757796e-02
-1.078430055276605737e+00
-4.326173008955322419e-01
7.402643375782238522e-01
-1.532985940151035509e+00
-7.795603923843630323e-01
3.342618641713024363e-01
-1.826135965059882516e+00
-7.303390525599970928e-01
-2.437049380624045081e-01
-4.973945914425143555e-01
-1.934069479649958456e+00
1.154213930177072633e+00
-2.112855352211521431e+00
-3.693289169285725926e+00
-1.296528338336705000e+00
-9.093102822967040755e-01
5.808468489455524963e-01
-4.326140319085185482e-01
-1.152816409116790508e+00
-9.055150906330028393e-02
-4.438011770757047114e-01
-2.012089761557551704e+00
-7.156588302203206187e-01
6.212985125530952057e-01
7.014074980333396825e-01
8.767655185206044699e-01
1.953337007933694802e-01
-1.851732826910754137e-01
-2.210679056945482390e+00
9.375141116938234820e-01
6.975042814284335702e-01
3.596105187230315137e-01
1.569577059618105341e+00
-1.499641940389124795e-01
1.167400981774417090e+00
1.426407026534763034e+00
-4.416486735825346233e-01
2.640756706874774484e-01
4.623402003094288504e-01
-6.412732637909993594e-01
-1.325865243530264026e+00
-1.639703955712604966e+00
2.005559527647846063e-02
3.454060323242855723e-01
1.103979319152841310e+00
-1.531048573047656181e+00
-5.151095431821974824e-01
-3.553703705667496382e-02
9.682319486832702271e-01
-2.188089485636599107e+00
6.150938608830249787e-01
-3.727045803641544919e-01
-7.537300570460916949e-02
7.491982627842492803e-01
-1.789260458207302118e-01
-1.091374193224760036e-01
2.145911876930037820e-01
-3.128555146582576718e-01
3.159631199855363337e-01
1.019253166069755689e-02
6.248454589549928828e-02
-6.952325034302214712e-01
-1.277346059312354232e+00
6.933852224891874361e-01
-1.689186143086523817e+00
-1.019953922940801228e+00
1.030701567579501710e-01
-1.651687676568116103e+00
-1.952932542041261765e+00
-7.482893984079842520e-01
-1.027136376105719062e+00
-5.853454708852766641e-01
-2.385216419072916594e+00
-6.997869615484469952e-01
-2.617795486799036730e+00
5.469398460039445187e-01
-1.517848720244376892e+00
-3.049077211011310240e+00
-8.881702372150354075e-01
-4.595730095894106082e-01
-1.250410151893831312e+00
1.024049995080199338e+00
2.286048511783256298e-02
-1.661654158858327790e+00
1.179296104673703383e+00
-9.014681919048224135e-01
-8.884922550306840749e-01
-1.477587728727207228e+00
-8.127628346539700344e-01
2.865912206972127674e-01
-9.850605817557869237e-01
1.998294977934198524e-01
-8.090458421564857838e-01
-1.085183884427794787e+00
-1.590106685199782266e+00
4.684477344306828828e-01
1.136884604276754418e-01
-7.596780917320179460e-01
-2.117107735607671071e+00
-1.817474960617962099e+00
-2.077463322378994892e+00
-1.664246750181761492e+00
-1.763751912327300442e-01
-2.930988166828758512e-01
6.198263628087641308e-02
-1.905447487975018839e-01
1.601905041959414966e+00
-4.583188090883061339e-01
-2.025918422829097398e+00
-1.008810574549383388e+00
9.813611552836898344e-02
-6.241434112679661306e-01
6.304901130028000011e-01
-2.069912347427163568e-01
6.431258296366029192e-01
3.011654982917178480e-01
5.191022409665233539e-01
-1.627871171224972269e+00
1.915704350811534562e-01
-7.018124387849260515e-01
8.847910241425237521e-01
-4.768118707350740282e-01
-1.917035844848198334e+00
-5.349300756592022532e-01
-9.873110479774583892e-01
-8.462708837847404686e-01
-3.581464946429374629e-02
6.430621761819602655e-01
1.528869556939237873e+00
-4.810319566980120198e-01
-9.894390457066998268e-02
-5.424320299608081930e-01
5.438836386461334271e-01
1.406893588304011011e+00
1.730181907928319274e-01
1.324542219912295149e+00
-1.012431841846168634e-01
-1.014540168467834569e+00
7.446164416543304965e-01
6.345056328122868905e-01
-8.220707126867246028e-01
4.462038866168669959e-01
-1.381752130536518242e-01
1.542505670724004241e-01
-3.203710667760295561e-01
1.032696347296842843e-01
2.992837683145105343e-01
-1.777163795317170836e+00
-1.039113809618096740e+00
4.517829593382685083e-01
-1.440336032236872343e+00
3.305916781216163836e-01
-5.721346681343604246e-01
4.346876220300523452e-01
-9.356045354542057435e-01
1.182570029197805184e+00
-3.895270331735501412e-01
-1.067564230454875362e+00
5.092322618245894716e-01
-7.936130916335852881e-01
-5.467287660688141537e-02
9.064922214675015244e-01
1.346956243164337153e+00
-2.130496331119631215e-01
-8.449188780947402000e-01
-2.293150360936778154e-01
-1.298424838909096213e+00
1.023504125980062351e+00
1.002419672736047929e+00
-2.185393233079180875e-01
7.025546405738458677e-02
-9.535806468158056770e-01
-1.011408197422843935e+00
3.724823821012990255e-01
-1.241369012412042450e+00
-2.964964359055227150e-01
-1.647802278297811451e+00
4.563944035205982352e-01
-1.159051483045792974e+00
-5.621011857450910476e-01
-2.138927217149258375e+00
-1.829887963219090530e+00
7.561053554202946669e-01
-1.986903271770965596e+00
-6.309485657354604315e-01
7.216617007182390964e-02
-8.802335588317572457e-01
-9.997699811264750824e-01
-4.920294861472417347e-01
-8.592058214936322269e-01
-2.501438386087201371e-01
-1.182174928486355636e+00
-1.777964365136178948e+00
-2.065095678415171943e+00
-9.364030168002126508e-01
-2.352993987462042025e-01
-1.547666858935043965e+00
4.429720221264096258e-01
-1.924966341975244077e+00
-1.766806917403713761e-01
3.609203957315290090e-01
9.699684547303859539e-01
-1.757449354873513503e+00
-6.086403952400306627e-01
-2.811161087511572898e+00
-4.092638346938691218e-01
9.532896932185771499e-01
-3.260062689073977005e+00
-8.336794972278473992e-01
1.383549054570318848e-01
-2.081828044584534521e+00
-2.026899921632845825e+00
-1.160220846118815707e+00
-1.147873454190801557e+00
6.070969298443584794e-03
-1.244394744068276992e+00
-9.317495374320885482e-01
1.972855013713281647e-02
-2.384335112566700055e-01
-1.866513914471003677e+00
-9.092665629863573296e-01
-7.725070439495504981e-01
-1.333012707754905879e+00
-6.509013357419966006e-01
9.085109456626649926e-02
-2.409529619937340328e-01
-5.794505806689326244e-01
-1.198872696994017079e-01
4.588509847346091131e-01
-4.263398828938504970e-01
-1.888470556173345249e+00
1.157501801486514825e+00
-1.776162773286024676e-01
-1.737443167018045243e+00
1.267358519892566981e+00
5.288687012026351830e-01
-7.804603614103892140e-01
-6.920621858874150822e-01
2.459651400632016094e-01
5.528654279557969620e-01
-1.856939708493963836e+00
5.625334569312011590e-01
-4.054122466108845968e-01
-2.259541986496558241e-01
-1.325570826568433613e+00
3.236062643391561799e-01
-1.211780172972730441e+00
1.460155661527339666e+00
2.436169642183810158e+00
8.762108682723073194e-01
-1.109317364379034832e+00
2.071260365145819016e+00
6.286823659539672038e-01
-1.128673925857184290e+00
-1.028767630181987691e+00
-1.585146183763805894e-01
9.274285713174801327e-01
9.591408226509869905e-01
-3.098586906021551513e-01
1.382214764251772143e+00
1.916701472878135304e+00
1.219129957552734567e+00
1.841293755995304426e+00
7.682451754449326486e-01
-1.136722421196960653e+00
4.539100732145366912e-01
5.934871201298211885e-01
1.349462486511016746e+00
2.184373623657789310e+00
-9.018374274114404621e-02
1.619292265721895552e-01
-1.875674290477834516e-01
3.542376505952432031e-01
3.612258532619715412e-01
1.994632153180586398e+00
1.142027460476765510e-01
7.324297974571056802e-01
-7.493103747793159464e-01
1.621706745586830589e+00
1.489736023822043176e+00
8.190808102593503115e-01
-7.358969720389215707e-01
2.616014212842979525e+00
-1.662781434684251769e-01
1.712219042464606655e+00
-9.314609760249235038e-01
9.140881508945197798e-01
1.683952411751907796e+00
3.308320161028664996e-01
-6.666527098262093887e-01
4.149169622300451499e-01
1.377032872963500632e+00
1.532093179702618269e+00
2.172357281953641195e+00
1.745828331151042301e+00
-1.354814810288336169e+00
8.748264269930629000e-01
5.401676753570072709e-01
-1.821553089844474282e-02
-5.936790405876219978e-01
-6.421839836918241673e-01
3.368347857889440355e+00
-6.928600392702570776e-01
1.394009189425265749e+00
6.687566328457790199e-01
-1.008359002816011873e+00
-4.582077456275771565e-01
5.925162269636120582e-01
-9.344109787448895421e-02
1.140979649248236694e+00
2.124576299100355392e+00
-1.652453934125265089e+00
-1.877280313334228623e-01
6.276999849558908551e-01
-1.955621616977176735e-01
-6.302645138597064989e-01
1.414316542912695374e+00
2.190019615548824294e+00
-1.017330292308172623e+00
-3.431279307764368847e-01
3.474402424534248635e-01
1.851607929098180838e+00
1.698016655123384844e+00
1.625644640509222416e+00
-8.093246646654026488e-01
1.659726197116373703e+00
-7.105922731321989705e-02
-1.949102755039858470e-01
6.418269370158770082e-01
-6.731670127501006018e-01
8.053986478490181566e-01
1.706325986731967337e+00
-2.232832131870396419e-02
-5.683535103407974520e-02
6.795723037389149734e-01
5.238658022939450820e-01
5.955996042360834908e-01
-1.410752386933780134e+00
-3.765576402045205384e-01
-6.904623977938697532e-01
-1.095768984076210262e-01
-4.011341696800893031e-01
-4.434587069661768410e-01
9.494428303533962721e-01
-6.230711210520936127e-01
-1.116689580804713033e+00
1.588047916233853218e+00
4.534539454741352560e-01
-1.228264041224533587e+00
1.076114684521901177e+00
-5.668064633128196972e-01
7.418097532244707359e-01
-6.613085882028166829e-01
-6.952235154567082409e-02
4.721400333501283297e-01
-6.407438823551067086e-01
-3.157064771096429467e-02
1.507198113055273625e-01
1.484869443392675681e+00
-1.795676412365206365e-01
3.309021994594251170e-01
-8.183929485826544337e-01
1.299457050261956237e+00
1.526592846407665238e+00
1.165749012131212847e+00
-1.085345577981917664e-01
-4.588818457812350315e-01
1.516295369861777598e+00
9.178701192725429170e-01
1.018068941222426638e+00
4.454354883273856647e-01
1.392092434800984435e+00
7.991749183839957915e-02
2.854951833721933063e+00
3.974298219703520374e-02
-9.428054610484499776e-01
5.821009905042191512e-01
7.313016050717325856e-01
-7.679327366239000474e-01
2.236516162912133066e+00
9.494812264726844031e-01
1.902854216035172463e+00
3.087812111608401189e-01
2.596186555877443958e+00
5.372234662605759326e-01
6.908028498474251267e-01
1.376783706365359627e+00
3.364929761252193341e+00
3.218851317198384576e-01
-1.137911022457893662e-01
-3.629423901576380729e-01
2.201663939879649590e+00
1.694426024500962136e+00
7.191596000468609695e-01
-4.344757470388432852e-01
1.040107826477947528e+00
-9.817964316882338283e-01
-4.232946719786297995e-01
9.136507930540906930e-01
4.972667972572701323e-01
1.312674273902155297e+00
9.229930053535692069e-01
-6.141220813378245325e-01
6.002035011534290199e-02
9.693985031788010520e-02
8.528993632858005158e-01
-6.089051864738349584e-01
-6.636891621612447389e-01
9.556401904474494113e-01
1.110254525307897033e+00
1.195186644968466938e+00
1.539707940915957085e+00
2.322701426902412103e-01
4.439110506735216011e-01
8.907646301113467668e-01
-1.278542537921139255e+00
2.053685630833981257e+00
3.496025382787678604e-01
-2.687129225957902712e-01
1.340119456700906486e+00
-1.855275833212397973e+00
-2.046119339865743458e-01
3.526126788352536012e-01
-1.269062130852365744e+00
2.491461902497414727e+00
9.049207348408390139e-01
7.945456962821548785e-01
-5.377772470020036888e-01
-8.289530935704658710e-01
8.319620860649641347e-01
-1.199030215461194537e-01
-8.265325487875999633e-01
2.705945890972665246e-01
-6.408910802717174837e-01
-2.012992858244426753e+00
1.425805637765617639e+00
1.002168526101306911e+00
-5.798917730099052426e-01
-1.395260258677713860e+00
-2.631061754374663053e+00
2.474930214818652774e-01
6.426737899636066897e-01
2.225275375881065276e+00
2.190605810407654008e+00
-3.427743762510293002e-01
1.549326553197028389e+00
-5.174638514573806081e-01
1.851940723714011083e+00
2.157087024310021250e-01
7.770066677399020127e-01
-5.256771436948782794e-01
8.006496492710984958e-02
4.828874559829993141e-02
3.025403496217190513e-01
-9.737136162160573427e-01
2.540193743128018600e-01
-7.153249917803522484e-02
-8.464064975577708649e-01
-1.351585402082968956e+00
7.768512486357161961e-01
5.632543439525838913e-01
3.586186430631005395e-01
5.872766200987316054e-01
8.480461904460010469e-01
4.133539962156707603e-01
-7.075633378335655088e-02
-1.133307845718166451e+00
8.744039416478401883e-01
2.132164386821194135e+00
5.138216826936032877e-01
4.564116949917329968e+00
2.411326237467636968e-02
6.861301021600869632e-01
3.867081758266721181e+00
1.575364636275098373e+00
9.255142843119583684e-01
7.385289483248209663e-01
-2.293577774983446282e-02
2.459846563384233686e+00
1.052088596041531599e-01
-9.381271418112272498e-01
7.304635843683271457e-01
-6.714005963492919449e-04
1.948006430125424071e+00
4.577570969051158456e-01
-9.604098456451548582e-01
2.364718825143256042e-01
-1.268428274501973707e-01
3.650809480104528326e+00
2.034910552076669710e+00
8.737215680608427792e-01
1.547267320781124500e+00
1.177608133812554136e+00
9.584296239488879765e-01
2.084551250727544325e+00
3.157869088251558098e-01
1.379180377814550829e+00
-1.307266814390540821e-01
-2.806473013249697335e-01
1.233435506002626081e+00
2.489201845232717147e+00
4.258110718924486560e-01
7.034302338007651922e-01
1.011415285564659872e+00
7.162717816642127922e-01
9.368998463457830495e-01
5.470697193609732611e-01
4.000056665109064102e-02
9.307286964767402804e-02
-1.417903705824891114e-01
2.188606367114791951e+00
-4.811978775319991630e-01
7.347747151889039152e-02
-1.242860261882925643e+00
-4.778890706112726150e-01
1.877678211804477137e-01
-2.813274634362015747e-01
1.496153128594085224e+00
1.913239644331348466e-01
1.999901859772408030e-01
1.003053172301330731e+00
1.945587126109549647e+00
8.687257137049986255e-01
-1.376153281895922120e-01
9.566647403051975473e-01
-8.514938487672414347e-01
1.760941516288820230e+00
4.470535938374275431e-01
2.747774477768902268e-01
5.267225925123424357e-01
-1.047491651023151060e-01
2.593443524099046993e+00
-1.137440857485044476e-01
1.411120516169769523e+00
7.402434988572687002e-01
2.640943440795317176e+00
1.032999515091235221e-01
-7.740727489844811959e-01
8.830242507635694960e-01
-1.014062744340403777e+00
4.856558057083438795e-01
-3.993367429132445023e-01
-2.487213164752185846e-01
-1.587779144045906587e+00
-1.080550893895794395e+00
1.131177843546876005e+00
4.807084574068193339e-01
-1.454084115668382582e-01
2.644571265426464146e-01
1.590190545210291795e+00
-4.443049545930453093e-01
-1.377171320027360535e+00
5.628153381143443656e-01
6.887854017412604613e-01
1.542433701023709025e+00
-1.919874431652199842e-01
1.770914953818690130e+00
8.507103931513262385e-01
6.119512125788869605e-01
8.433879060387666771e-01
-1.571629512941357998e+00
-7.806157939685030023e-01
1.423744149031429984e+00
2.730746579179050393e+00
8.965541913156624965e-01
-6.047141379624365598e-02
2.209204696463617501e-01
1.395712189561771233e+00
9.915654328747882662e-01
1.519617567561965643e+00
1.950445667273697836e+00
1.166439430600320515e+00
3.437546936024430400e-01
1.699278960363528324e-01
-4.088456682262349151e-01
1.013979022798040086e+00
1.448246417844694545e+00
-2.584649212637204485e-01
1.215382947188397011e+00
-1.202432322622560834e-01
-3.320786354838957122e-01
7.670265843478498713e-01
2.107655802580411519e-01
1.355609123727022913e-01
-4.932207490468205613e-01
1.452839537543888504e+00
2.119763194129092199e+00
1.090743382857506605e+00
1.804466825044950262e+00
3.430733668661933855e-02
1.535387444386802525e+00
1.261572643876833988e+00
1.238122939083398322e+00
-6.515029962107757866e-01
-9.319186830149989165e-01
1.063684880094646124e+00
-1.945077887716989196e+00
8.775719361440051935e-01
-1.007449243530049721e-01
1.006406483103364335e+00
2.137284738932990091e+00
1.186261738499537088e+00
1.454349070153966750e+00
-8.439797831206530265e-02
5.033915999858969981e-01
3.153309879046440667e+00
1.222579841034582282e+00
9.506660174043513045e-02
4.508714910770733608e-01
1.895296447850663979e-01
2.527619790889269691e+00
-7.188532484931222655e-01
2.225640031207510861e-01
7.180538972241408135e-01
3.637743400681442973e-01
1.883294982599364786e+00
8.800882753082641674e-01
-1.600497182670873042e-01
-4.287780844673431124e-01
1.758422516005708314e+00
-8.497943359046532530e-01
8.688817644665458584e-01
-3.930568725513960970e-02
1.162557721541422451e+00
8.432138263097329611e-01
-3.223380467231825586e-01
5.374611549784084064e-01
-1.442287356993700920e+00
5.263418062698597133e-01
4.367429635266890098e-01
4.640985103015893287e-02
9.954052979837483273e-01
-2.030428873896568676e-01
4.402154799578337219e-01
1.109710386771829427e+00
1.076225384568197274e+00
1.912433364250699097e-01
5.852353452328505901e-01
2.204813903288907473e-01
7.643729201752216817e-02
3.401480037672532930e-01
-3.549074516677934721e-01
5.686529869754453070e-01
7.167590322465754449e-01
9.596259371385681414e-01
-6.791690625407452719e-01
6.064640689633133963e-01
1.259009793796391108e+00
-2.063078294568709559e-01
-8.221501456469466618e-01
-1.233324459565678710e+00
1.107380828361147707e+00
2.792599184950008695e-01
-1.801929711782210286e-01
2.181807485562832216e+00
9.832647437930891465e-01
-3.461867025200903170e-01
-1.106507267662888427e-01
-3.474234462321110217e-01
-6.733018848589894523e-02
-2.698982897086557586e-01
1.773609843443506806e+00
-6.403535814137635285e-01
4.858999436266238647e-01
-2.775789515922775230e-01
-4.323947162838632785e-01
9.900807423948367880e-01
-1.860389141499424470e-01
1.773324943266413101e+00
3.756143306422064509e-01
1.155027365918142257e+00
-1.673511084043047825e-01
4.728851046052329199e-02
4.039933158242002831e-01
3.871651326969674511e-01
2.250732049428246562e+00
-6.979628664555910245e-01
8.682314438642825261e-01
1.323768446033156021e+00
1.540995811879136923e+00
7.791309492823492722e-01
2.866216296936137109e+00
-1.315334295797214281e+00
2.535015630555272903e+00
1.512125407087872464e+00
1.343535074039803323e-02
-6.939823727365146411e-02
1.490469677415033667e+00
8.706952782065339180e-01
1.239782395134324533e+00
1.846965228277715809e+00
3.129194487858047991e-01
1.675696366762821299e+00
1.853680938436530257e+00
1.222298566210186621e+00
1.116638212793477525e+00
4.230946766295725636e-01
6.045571576207567910e-01
1.457383825405833555e-01
2.001333910806304406e-01
9.987877700784449919e-01
1.691046540013327437e+00
1.651967763548358725e-01
8.575292856308187606e-01
1.313058405402622419e+00
-1.454668935093283988e-02
2.624110061443873376e-01
6.283025349692913375e-01
9.916837115343981601e-01
6.047271478746197859e-01
1.407502103945804106e-01
-1.632767834450643551e+00
2.154047410770519311e-01
-7.424754720541593134e-02
5.869781010581575087e-01
1.134737741576198777e+00
6.041422222682215626e-01
3.102329235216523817e-01
2.513309078343469949e+00
3.338218461971113049e-01
7.716209572616509194e-01
1.079558853676655383e-01
1.823920227749414313e-01
-4.625848239474906198e-01
1.400402533847570297e+00
-1.307142663277663042e+00
4.834529629074697521e-01
1.974873364666332121e+00
1.927066055220301999e-01
1.407040792100386906e+00
9.544883858260384824e-02
-3.179803724480571026e-01
-3.929082405192910743e-01
-4.440342210861001337e-01
1.727223950471192815e-01
8.834262888430850502e-01
5.482718924288189077e-01
2.706469275839206379e+00
3.384288879882855761e-01
-1.136660543917576316e+00
-9.283296246510039929e-01
5.104428441700020747e-01
-6.893187271090819301e-01
4.672928715423843582e-02
1.027966973592545186e+00
-6.901735884441593250e-01
-8.181052500259897720e-01
3.358704857304130043e-01
5.905615590601330789e-01
-2.363494261700458954e-01
-9.904305779182509539e-02
5.164757156269231819e-01
-1.321870928902678433e+00
-2.285343635588401590e+00
1.342099443314370422e-01
9.161503700689827001e-01
1.362677641583990074e+00
-7.982704324552857278e-01
2.143585333499113954e+00
1.301461323961385919e+00
-4.730701581323105143e-01
1.269332430970827597e+00
1.746240272657806902e-01
-3.956078308301391733e-02
6.291373778675269923e-01
-6.852295296309098838e-01
-1.129106097202268177e+00
-5.010087270518378544e-01
-1.052803972699488000e+00
1.328477439241562141e-01
2.129170853530960805e+00
-1.071915240844867778e+00
3.560216686512631123e-01
-2.719166419970358017e-01
6.885053370121851923e-02
1.205804636454327561e+00
8.998709772201819446e-01
1.198183267944624708e+00
2.328684538414637073e-01
1.557840968307401264e-01
7.331361863146050872e-01
7.947728996892756692e-01
1.080371255812352382e-01
8.700514438290295471e-01
1.326447090929933292e+00
-4.558810466543383733e-02
8.239772853954457910e-01
-5.238465457409375858e-01
2.190571177343896281e+00
-1.350562963877060874e+00
1.476646532101645093e+00
1.207535780072422238e+00
-9.722335397335657436e-02
1.035844837992708545e+00
8.258806111112569903e-01
3.186643434894724791e-01
1.543383683902116221e+00
1.507976913537403707e+00
2.367639384028122684e+00
1.324508891587710124e+00
8.445014272847501946e-01
-8.233065217088164633e-01
2.022156511509496823e+00
1.791943414017058034e+00
1.561624229436945122e+00
1.022173739422605809e+00
1.702772950597403745e-01
1.507857680999888483e+00
2.216271149120069062e+00
1.650384752308543312e+00
-7.609993795768619229e-01
9.824824568827785765e-01
8.631666004157815264e-01
2.069166475410838757e+00
-1.386313514332417896e+00
-9.168754620304619962e-01
2.112911185166296946e+00
5.393744967041425031e-01
-2.571768575432623605e-01
-5.383303560661610865e-01
1.016867769303658964e+00
1.736929312507305978e+00
-8.624607366519396745e-01
-1.557973124900434714e+00
2.171547143705717386e-01
9.424845167045363681e-01
1.741068725974315723e-01
9.372417892167241860e-01
1.484728834603216141e-02
6.788690382671123125e-01
4.550732094286207285e-01
-5.000521067991026136e-01
3.073301170360337453e-01
8.186860067588279666e-01
-1.761418074012462753e+00
-7.914151042044643702e-01
-2.193497037503022717e+00
-3.932221623519584486e-01
-2.284645130778163669e+00
2.336320299408122803e-01
-1.661963803123043926e+00
-9.604702228567388866e-01
-1.199068150150791823e+00
-3.039868740039304296e-01
1.046566267468548750e+00
-6.759665165887759342e-01
1.186767586469176905e+00
2.713806873392193841e-01
2.050048148701809847e+00
1.346803216700236172e+00
8.104016367923567721e-01
-1.248584025098928629e+00
3.238775531425196474e-01
7.475659000139275867e-02
1.179873828340465947e+00
-5.227453936867415552e-01
4.480745211201720424e-01
8.691717798917383275e-01
-8.931896994976598059e-01
2.313856996150478462e+00
7.546286261484874691e-02
9.515244180108494154e-01
-6.513181766140454521e-01
-1.463815209288149566e-01
-2.272518186774480364e-01
7.609600437646668603e-01
-2.621769320237408163e+00
1.263122871999863062e+00
8.160051571816764326e-01
1.648213888742978916e+00
3.852557589591607545e-01
-7.177362935806822497e-01
2.994109345099449371e-02
8.614885446934499313e-01
-4.137592854149727550e-01
1.716135705674881162e+00
7.644596280144321243e-01
3.773175603323259408e-01
2.128882267283466412e+00
2.374510767659155919e-01
2.217613349516771137e+00
7.034524299370905620e-01
2.159021709314888904e-01
3.517596091627299693e-01
2.398498946480835947e-01
3.894463141028272624e-01
1.623682895440208274e+00
-8.782609660832347842e-01
1.620604442801108824e+00
1.876476216802456243e+00
-3.899140923940385139e-01
3.407456666669050893e-01
-1.986640118031953728e-01
-8.464592453046471121e-02
2.269189052767774051e+00
3.782643496071748657e-01
-6.916191579537819267e-01
1.427645000401611242e+00
1.183596702213395746e+00
6.732038281357455300e-02
1.902496248649860444e+00
1.318703090234262687e+00
-5.163268170501165155e-01
3.901799182421964995e-01
1.642089878377665402e+00
4.919678675605699825e-01
-1.681254288242103989e+00
2.039532036378893576e+00
1.366459537962698700e+00
6.340424121902727972e-01
1.767654999089243173e-01
1.920779877120500245e+00
3.588123907215829966e-01
1.011935388051633966e+00
1.993625466930165624e-02
9.658066683619128678e-01
1.981713060862869469e+00
4.591078657406427732e-02
1.366158629130551194e+00
1.387305438808116520e+00
2.406467838171542084e+00
1.252314299094330896e-01
3.081226914042801135e-01
-2.256842286160790412e+00
1.883549408301103956e+00
1.720982879875381455e+00
2.435490329941998322e-01
-2.053001815710272238e-01
4.961624463814129360e-01
3.635214749600075845e-01
4.856195740195171084e-02
-6.037313006475383825e-02
2.184232848322715248e-01
-2.712016147264718624e-01
-4.066896307263445087e-01
-6.174225807728965787e-01
9.893036684731979502e-01
-1.928029205517312883e-01
-6.869971986688860888e-01
-5.450020567566889879e-02
8.205597184180926096e-01
1.562373411859511618e+00
8.750986857458359358e-01
-1.386193893888396089e-01
2.458549720516044201e-01
2.018477371725705183e+00
-5.461215830979415653e-01
1.363463689713732885e+00
-5.018103263545048431e-01
1.440072112172515073e+00
5.967624665226431979e-01
6.809599176125332720e-01
7.068331831004219801e-01
1.163226380810892246e+00
1.526454335197002132e+00
-1.118406125134188134e-01
9.438450944268077514e-01
1.580857529653190596e+00
-4.900673942847338371e-01
1.707497869684909686e+00
3.998989809362017422e-01
1.841849277516222627e-01
9.324633974068692321e-01
2.283192510995548652e-01
1.835586594573450192e+00
8.643053134782493485e-01
6.256393753005181635e-01
1.508011009198360508e+00
-7.864515616077433213e-01
1.425790482876991838e+00
6.534616198276899102e-02
1.056112529215505358e+00
1.461234706095193570e-01
6.518017199521541905e-01
-6.254673312692660136e-01
1.079987678884549496e+00
1.285872875187763054e+00
7.253977517085816729e-01
8.479316351839987220e-01
-1.252644829683479344e+00
1.580372889503838696e+00
6.848163747385652700e-01
1.945224228301966729e+00
1.354249346073848947e+00
1.969386182269734498e+00
2.627423742870355072e-01
1.758342160896445128e+00
2.238987811681029783e+00
-8.670601896684506649e-01
-8.651586596599685208e-01
2.069626895888153406e+00
-1.645722932137025474e+00
1.870525378763810087e+00
1.676249204998389253e+00
1.732512003035463488e+00
1.861232823479997744e+00
1.122822535110040487e+00
4.470849580293910219e-01
1.036092459015492295e+00
6.393618312869280285e-01
1.737986091616370299e+00
2.149441866430266579e+00
2.955283578415717649e+00
1.127508541651428553e-01
3.134959491327117043e+00
-5.536952697688758418e-01
1.009752704247928179e+00
1.256686217560411212e+00
9.973660181158747751e-01
8.666335181870030713e-01
3.972230526982534204e-02
-3.290815069850797636e-01
-4.764781681459280271e-01
4.530472879184432866e-01
4.788919773112637057e-01
3.444411531331656451e-01
7.662102842058532426e-02
-7.356476281617740920e-01
3.350193403137545767e-01
-1.526318254677439867e+00
-2.310904658951487445e+00
3.606380309140057028e-01
2.411182323265819605e+00
-9.880748012856503948e-01
-5.547329676123132769e-01
2.040199649627190415e-01
1.195967022884128067e-01
3.012435205217078305e-01
8.491057800749570728e-01
3.142588409040143027e+00
-3.018388606095753213e-01
8.839017574960910117e-01
1.114439626704583630e-01
1.122886658644225988e-02
1.037154256846982037e+00
9.160576964482396445e-01
1.052965923659764824e+00
-5.588494518629164576e-01
9.236107574037560886e-01
1.604861460908786785e+00
-8.635976994184360045e-01
-3.730510428586137350e-01
1.172376636196725413e-01
1.437693005051955186e+00
-1.022513217341373792e+00
5.403477582353191089e-01
-2.366720798751120292e+00
1.253681483301506416e+00
1.538491182533402446e-01
-1.323391472011652414e-01
-1.710781867820880264e-01
-2.735203728608354146e-01
1.343769406381972731e-02
1.413686854114213132e+00
1.246578612159703336e+00
-6.863212180437298082e-01
3.494149963935108127e-01
-9.250905623947203171e-02
2.572397041266198392e-01
-1.985130181724588661e-01
8.861276940728857188e-01
8.491264128605806594e-01
1.283455541375569720e+00
-5.848391107651300658e-01
-5.110903834719049410e-01
1.855253606243266740e+00
1.478864745471017983e+00
-6.352259005780015455e-01
-5.650572269352728272e-01
-9.096668363085090858e-01
6.785677945403902900e-01
1.715003230111143306e+00
-2.576445388506836132e-01
4.075471672606967299e-02
1.117773005736428793e+00
2.702640556117690829e-01
2.680594904010788149e+00
-1.778623056257810919e-02
2.368848771333091019e+00
1.294468733922972792e+00
8.509932693813163640e-01
1.399832512920421212e+00
-1.105834865742816309e+00
1.388165301906104654e+00
8.598660262803985432e-01
-4.703574135632759834e-01
-3.276905947083170734e-01
5.218813949609919511e-01
1.074914877692995763e+00
-1.228500963788833555e+00
2.017155696228695394e+00
1.854328078370619526e+00
1.605325253478906200e+00
6.455003302003995413e-01
2.745476681533594476e+00
2.290847079796977770e+00
1.712154739827687511e+00
-1.713116462613401003e-01
1.442833448420135944e+00
2.310972546996035160e+00
-7.418265777284356322e-01
1.319568606878879891e+00
1.222200490926068639e+00
1.283511225048572069e+00
1.774008941015977836e+00
-3.623392672022277550e-01
1.602966232698765037e+00
1.191054207130093356e-02
1.841146603781414814e+00
9.061915337143040539e-01
7.144185266422092839e-01
5.246521467352343038e-01
1.244452569074017134e-02
1.742364334088883360e-01
1.005922555418367503e+00
3.033655025749713463e+00
4.507385289639632697e-01
1.456159900625432879e+00
3.890343033654050098e-01
-2.864079669027443931e-01
2.659772398251597503e-02
1.285121813943713942e+00
-4.236322367500262032e-01
2.046947517285747420e+00
-4.546777629323157655e-01
-6.456116158896196833e-01
1.514191256938376862e+00
1.528203515418415481e+00
-1.251395745547930316e+00
1.469866574809579163e+00
-4.622479921885160881e-01
-3.228732959964625282e-01
1.817272120824762471e-01
-7.519292848392755690e-04
-9.331831991211060329e-01
1.068235004735860638e+00
1.266566113573228680e-01
4.763082705752370166e-02
1.837592852805471688e+00
5.669123680031576962e-01
9.182907400749160676e-01
1.226628969189065277e+00
1.358431277213215937e-01
6.739305621674089586e-02
8.164309415084264332e-01
-2.380596286226616787e+00
-1.160411657130087093e+00
6.678886682491533833e-01
-7.931288417191915130e-01
-9.604970930926663986e-01
1.278626934848636321e+00
-8.209040520322361534e-01
1.741750561728672153e-02
1.673330678225916357e-01
5.821387377761163551e-01
3.148995283755051666e-02
9.156056238060313879e-01
1.681183998202001817e+00
1.190640713096119851e+00
1.952022599386143697e-01
-1.642970124257019382e+00
3.107192451757824214e-01
-3.511515962417038894e-01
1.731073303038889177e+00
9.451094762112692838e-01
4.192557529969784258e-01
-4.355193364980548543e-01
1.811643493099882041e-01
1.284026099514534724e+00
1.316724199371175352e-01
9.602512411379835466e-01
1.196427071106158202e+00
4.603865015512469405e-01
-1.099666931355758326e-02
2.072401185807664525e+00
1.044122484731915268e+00
1.504128174117685068e+00
-2.855206991544034789e-01
3.704865755400528760e-01
1.495045157098237043e-01
9.403142716615497942e-02
2.974080993558833041e-01
1.096608132583513751e+00
1.359570582356146140e+00
1.606812638213740874e+00
1.252385737610372196e+00
5.861585982316486199e-02
7.502554631780748995e-01
1.547692020159713300e-01
-7.231051270877453252e-01
-1.146144901765882462e+00
8.611012838461802321e-01
-5.540309315598527240e-01
5.734131000569699932e-01
3.090352222348315969e-01
2.440936571285314383e+00
9.918047748493139526e-01
-6.624258492553035671e-01
1.070294833994526407e+00
3.605387346228128287e-02
3.812339733757845184e-01
1.175539696269135570e-01
-3.148439584315203543e-01
1.267689854900269530e+00
6.900188615577559359e-01
-1.322551097444712553e+00
5.100625093676591781e-03
7.650877699093761031e-01
6.041206146129175503e-01
7.596413836048617751e-01
1.026068502785588255e+00
1.178926552739225642e+00
1.229860339914456757e+00
2.180170370443180516e+00
4.336964963834633591e-01
1.158755574153375933e+00
4.304813517282913837e-01
5.820246017723745835e-01
6.886522759162529983e-01
-7.719274692300973628e-01
1.577655865383071898e+00
-5.656777722043713208e-01
-5.417862144375467093e-01
5.983941751241944607e-01
4.097813094631087560e-01
-4.391279664819863759e-02
-1.589848199808335250e-01
1.026440630847557767e+00
7.609521424059690897e-01
-4.537995743658450043e-01
-1.475462178777368349e-01
3.421730908535062010e+00
7.516860607825669449e-01
-1.046089043004218233e+00
-7.394495529666601785e-02
1.760723061234376718e+00
9.592089146201484562e-01
1.342369568013556780e+00
8.074043696080370758e-01
-7.555936437643894221e-01
1.291370235663253041e+00
9.056797236933766815e-01
-1.131395498598026128e+00
-6.345947489146444020e-01
1.165556778521366965e+00
1.872909703345248866e+00
-1.397789069140411566e+00
-1.084029248261513700e+00
1.653359992461059802e+00
5.753860001164879945e-01
4.170003993892947847e-01
-1.179991649238593121e-01
3.059926158620822068e-01
-8.959972145987943337e-01
1.332726105890513768e-01
1.027422611632464955e+00
2.019699166668202928e+00
-6.649438279474806368e-02
3.319941911418101688e-01
-1.144232314169235654e-02
1.542964381425728337e+00
2.883872004093277930e+00
1.246436992404384325e+00
1.899691145133706183e-01
9.674021260952889723e-01
1.316548700225433688e+00
-1.514741410205494576e+00
2.183106822756375465e+00
1.974516457875208353e+00
1.013576730784312874e+00
1.857054793870952292e+00
2.427404575736802350e-02
1.395696989290445833e+00
2.081076725041052011e+00
2.024209393057532225e+00
-2.004397237549866428e-01
1.985054555468512838e-01
2.006310071295108521e+00
2.073659937774794848e+00
6.153862569932941895e-01
8.621748600483131186e-01
9.175407924629838119e-01
1.978824436789999863e+00
2.840419890813232762e-01
-1.485259941460026489e-01
2.376659335115615335e+00
1.433135353866402006e+00
3.667187434167639815e+00
3.488593507941899929e+00
2.050987634656441294e+00
2.237822348491204760e+00
3.137271619304510928e+00
1.037825238031138131e+00
2.635945381179566116e+00
1.610198418412624122e+00
4.888829520701223785e+00
1.151632820322620709e+00
1.424262703352257686e+00
1.600548608042149157e+00
4.597828794171128219e-01
-1.190542398789395939e-01
1.780017419039423121e+00
4.637917697247321280e-01
6.164027173211339417e-01
2.416887595768039354e+00
1.456907008904793299e+00
1.028812698726097707e+00
2.358858249257381523e+00
9.418264178616819748e-01
2.827046481089289909e+00
1.775733123835694371e+00
1.676421036854529145e+00
7.775768761425012610e-01
4.092957374861813102e-01
5.859682585255869824e-01
1.075187805676278696e+00
1.230850191177929709e+00
-4.810329546324766392e-01
2.206452176605630200e+00
4.330712695384633659e-01
1.972130794697563472e+00
3.641594377664658655e-02
-1.157942377741684403e+00
5.927437886936181011e-01
7.162853557680536332e-01
-2.888643582641955421e-01
1.599398203542964358e+00
9.125872028165090688e-01
-5.084786113118457962e-01
1.582842220578930981e+00
-8.141629454843306579e-01
-1.078420556589827717e+00
1.150368840857031394e+00
-7.243926965382929684e-01
-3.546777030419820953e-01
-4.181992413855032398e-01
-8.243915543770063969e-01
-1.184509234848075687e+00
-5.818090831972263510e-01
8.136156109859055130e-01
-6.252036442572439512e-02
7.585604108000997270e-01
-5.482446694273812593e-02
-7.421667571501093796e-01
-2.065341935389812256e-01
-7.913623878051230243e-01
3.701306142237242858e-01
-1.885906005229950111e+00
-1.030460182766042454e+00
6.762193820462754079e-01
6.598579326792777255e-01
1.275418669872416366e+00
2.241383223628746091e+00
6.839236535126420602e-01
-1.396472005213856171e+00
5.553698903784882734e-01
1.227529302841491976e+00
2.253536210063892042e+00
2.083496445704393185e+00
2.013516050293998383e+00
3.425771956662500006e-01
-5.003735540004001781e-01
1.000341615651594740e+00
1.250062527167042248e+00
2.711846093512821021e+00
6.560197822042315163e-01
3.257048817744049307e-01
1.476728039947085236e+00
4.067788608865842148e-01
7.815533598458510589e-01
4.347233641301472273e-01
1.381914726542506466e+00
1.083067518720271849e+00
2.541319722350180221e+00
1.819497955813861090e+00
1.480312643849058585e+00
1.876549833264362643e+00
2.891748376060840453e+00
1.390026737670990942e+00
2.230277292651440479e+00
4.103606009282667610e-01
1.260316001753070569e+00
1.597350481462432858e+00
1.735123156076492368e+00
1.964857707045349455e+00
2.513732477769904605e+00
1.406368002323565403e+00
2.326276742534241659e+00
1.396999310570755437e+00
1.645444384587155806e+00
2.051939224139005535e+00
3.717801490545855181e+00
3.335293098876487505e+00
1.821410861387336544e+00
3.056688368343194462e+00
8.703213034383290303e-01
5.585515480829033041e-01
1.729161113231979074e+00
3.535044144633237906e+00
3.166736329775921455e+00
2.547561506177909330e+00
5.601471660984894685e-01
3.222203383240662689e-01
1.916550103671439631e+00
-4.253718704177888998e-01
-1.341975996584225950e-01
2.251156609995035751e+00
2.544628585072405969e-01
9.802826631137737667e-01
-4.484714143040680057e-01
1.556960142941212766e-01
2.341167423813219628e+00
2.486975701471981992e+00
1.278253981541864981e+00
1.384161928566659761e+00
6.141267480501695353e-01
1.779708690836403928e+00
1.271223193787567540e+00
-4.295275925790598137e-03
1.576689082065002578e-01
-7.295332246128911624e-01
5.576087832348900486e-01
7.039006314447787682e-01
1.874317472177800870e+00
8.506142988948186545e-01
6.390252803770347656e-01
8.802249223820344248e-01
4.627497341007266174e-01
1.462776628328092077e+00
-6.349276701793915567e-03
-4.742711992999903425e-01
1.040543166939803532e+00
-2.313931621557128726e-01
4.261567637315855084e-01
4.685024376529789425e-01
1.103431653996190809e+00
-7.159792477675698541e-02
3.778034034732134089e-02
-1.678617816139227337e+00
-4.577749196250268660e-01
-7.288869083548600303e-01
-1.785340890949707326e-01
1.561198155967713053e+00
3.629435306267367878e-01
7.774375882682982297e-01
2.695386154205273721e-01
9.180551599451169942e-01
-6.509103581962495388e-01
3.109218086815713766e-01
3.315593999994935093e+00
8.308813119890761101e-01
7.632274833125624047e-01
1.398048961650870670e+00
3.539381862727532524e-01
3.564835577082900997e-01
2.457327150784307523e+00
4.257524678594717948e-01
3.653316605275974682e-01
8.755451646959905299e-01
5.076704152625588495e-01
2.634300749175956247e-01
1.021213961874712250e+00
1.199221901131288792e+00
3.650192651760599372e+00
4.511137670335768624e-01
1.935565156950106669e+00
2.008503450751470965e+00
6.185151477051409330e-02
3.033041375741067469e+00
1.526377574935856130e+00
1.032826902449736739e+00
3.743077430311828602e-01
1.828620500778513680e+00
1.324196024388634596e+00
1.431941967840414165e+00
2.304979712188328200e+00
2.872676873999022717e+00
1.327667943817155027e+00
2.334313294016995943e+00
1.962938501414409176e+00
1.488439936217017090e+00
1.785049343195024063e+00
2.073146814536970695e+00
2.860772437690736858e+00
1.585856280834655907e+00
1.100075690367389392e+00
5.590011480043701741e-01
1.627645903149459672e+00
3.548968005585042551e-01
4.649029803019433693e+00
1.296704654510171917e+00
2.046615520558585199e+00
3.167055227552057151e+00
1.356474417478671590e+00
3.846330679852551171e+00
2.164089135107363671e+00
1.254331849239181063e+00
1.367600340570373163e+00
1.335077121689037805e+00
2.905351682218115794e-01
-1.846247255018933497e-01
1.316209261308409761e+00
1.585492069051496422e+00
2.427535950533019182e+00
1.100176267942196029e+00
1.882281881270859492e+00
1.667046473239228943e+00
6.910305560053175977e-01
1.865011939819139375e+00
1.482037814444954638e+00
2.541644562278683184e-01
-6.957661066323994614e-01
-9.772709191369566284e-02
1.127452878756637134e+00
2.464295469533477334e-01
1.065766661585063613e+00
3.269911668248448589e-02
7.398746359769604597e-01
2.973347128072271417e+00
-6.466054064242814370e-01
3.251738603489395807e-02
9.264082317898658658e-03
1.855729288254092335e+00
6.935554827273271439e-02
-3.657280297974263572e-02
-7.954062025435983951e-01
1.722717136656548576e-01
5.206938973306002305e-01
1.522716858979280552e+00
3.500451306849858280e-01
9.368011743305226791e-01
5.609943375703598800e-01
-3.019151425718373805e-01
9.662333610441609100e-01
-6.742128482486932084e-01
-7.944671436427137579e-01
-5.189386207349587499e-02
-1.426864246306307926e+00
-6.367972569531993310e-01
4.531580940076416208e-01
1.317550141148127629e+00
2.638233148412379769e+00
1.082959724491438402e+00
-1.006899555092166221e+00
8.589736486214841205e-02
-7.764208654551263411e-01
-4.152179715023215367e-01
1.091640147825180263e+00
1.063315150525499186e+00
-3.449282418595899236e-01
-8.740746163383636969e-01
1.382298415563522620e-01
1.522988411568182432e-01
-1.816148242568851323e+00
1.536610963037420508e+00
2.307378633167729731e+00
-4.840400643085798205e-01
6.180038548076016713e-01
-3.050674640042813079e-01
-3.174809108454135220e-02
1.774337847702304183e-01
1.399522703857441375e+00
3.417962230499959286e+00
-1.244180626010533253e+00
1.575222334466610530e-01
2.550074942930363520e+00
-4.844852917243573920e-01
1.552499952462347954e+00
-6.308031520025481065e-02
2.059438627009198886e+00
1.582557831525187586e+00
1.275795755232019602e+00
1.506802861940277127e+00
1.113568067233691838e+00
-2.889112333160706036e-01
1.271361781677502467e+00
2.619066337332883521e+00
2.039072323108790830e+00
2.882035585363875718e+00
2.133925123764695009e+00
1.491427546434547668e+00
3.246041278407111985e+00
2.761523175888530801e+00
2.653861172939707469e+00
1.469487888042896540e+00
2.924861410631448777e+00
1.606327346247689247e+00
3.164336002056121089e+00
2.715230233831591899e+00
2.428498321209533461e-01
1.024412631041526245e+00
1.998057908605471500e+00
1.866302684216740726e-01
1.809692030604596269e+00
1.593819751549955699e+00
1.991412241934893412e+00
2.047913671077274955e+00
2.337658418789171577e+00
6.345326135708199145e-01
3.352319824371128743e+00
1.136672890256404944e+00
1.547802804055789849e+00
3.055044682309408621e+00
1.608215770761678876e+00
1.179021442074850157e+00
3.232933835080042506e+00
1.306598029336167421e+00
7.778097328787543230e-01
2.078730377120679762e+00
-8.163762365175926128e-01
1.152509136024875813e+00
-6.051317196371721607e-01
1.234519221103961062e+00
2.749042652985183466e+00
1.423074384983270546e-01
1.212898395287990150e+00
5.154795717140582267e-01
3.165528489553880442e-01
7.707256374981624747e-01
1.561149755029745956e-01
2.134351267058515411e+00
5.188028309656539383e-01
2.000281250481053874e+00
8.296465728847610688e-01
-2.212815928674582988e-02
-2.940796421219693535e-03
1.218954536100485875e+00
1.081898710487290138e+00
1.242361297380679019e+00
-7.026470211263330379e-01
-9.821894641076627241e-01
1.198592521961838298e+00
-8.597114869223287936e-01
7.594393875315708087e-01
4.196955163293580870e-02
-6.774889186107685424e-02
6.296429268094420884e-02
1.049210978741371481e+00
1.108418965998404726e+00
6.001869070648306881e-01
6.454938368088086742e-01
-9.924804403576573120e-02
5.108361305748578829e-01
2.773627205161222076e-04
2.226494840738013625e-02
1.390723148817919030e+00
8.702130006598465251e-01
-4.782828901971433178e-01
-7.361540791107895609e-02
9.450560781374031105e-01
6.783307131097120468e-01
2.107114258862538225e+00
-8.172980734564324612e-01
-9.408012618569205898e-02
2.023058210345839214e+00
4.064452948604038163e-01
4.414150961575446508e-01
-1.085519369250451005e+00
1.867224187098879273e-01
2.992505399047283632e+00
1.134947237463696412e+00
2.421945466053838203e+00
1.835547502583743551e+00
8.594999879353864003e-01
1.900783512591415425e+00
1.152061717037815791e+00
1.017013504786520084e+00
2.041028631234330648e-01
1.427888493904754252e+00
3.884987692789719782e-01
-3.311468273771245308e-02
5.867496368256615025e-01
2.870105693862323726e-01
2.450076339226608724e+00
2.387255782469098531e+00
1.432249211963958269e+00
1.493687859839447407e+00
-4.152556060572680785e-01
9.824380265658617661e-01
7.751565710601341364e-01
1.858402539610524373e+00
2.444709948696162538e+00
3.707353697977895379e-01
2.243236276442078125e+00
1.441715600581760626e+00
3.473572360714459073e+00
4.303842367961812521e+00
8.077160989887164355e-01
2.684034080813517242e+00
1.572577684614179683e+00
1.286048853878837939e+00
1.285598240651948387e+00
2.764008740846171541e+00
2.438177954648157453e+00
1.331184871356002830e+00
1.004124912050770480e+00
2.041437994218140872e+00
6.023472473804700744e-01
1.233787699875716903e+00
1.786127530678543796e+00
1.497706619878473422e+00
4.028277116759721999e-01
1.235974336173751853e+00
1.530409226701486158e+00
2.253486271080927139e+00
1.402396023470485753e+00
1.845480830795668492e+00
1.119775949351797806e+00
8.760624427177940987e-01
1.435586663490221904e+00
8.199900834465400079e-01
-9.858348989966065901e-01
1.258500857434472708e+00
1.015089635334466944e+00
1.159079810736341365e+00
1.053120221533509149e+00
-4.415193989891014192e-01
2.318119608899003037e+00
-1.057700937108646544e+00
2.479708244425007369e-01
8.137544709975103041e-01
-3.950368292500082701e-01
1.202932334815415283e-01
1.977229628250191662e-01
-6.453980726964676506e-01
2.590619037082222409e+00
1.688989945404579807e+00
-7.040960653411125758e-01
3.939447305406884592e-02
-5.475363747215425958e-01
-5.432893202312814029e-01
-1.172022906098108552e-01
-6.196474547439012603e-01
-3.232884493149678629e-01
3.875187959975741614e-01
-3.322592948442333882e-01
2.946965632725930373e+00
1.062856937484036313e-01
-1.810240375620359443e-01
1.960960226794803141e-01
-5.593888457718173557e-01
-2.277281151910215129e-01
-3.192607231727790373e-01
-1.045504722269743780e+00
4.659904695503618299e-01
1.240256563202664752e+00
9.883687472944825414e-01
7.481026707669465869e-01
7.361837112114466564e-02
1.460247497902019020e+00
1.161152232295497466e+00
-1.186692295137901088e-01
1.600917087248781012e+00
3.150330393427760445e+00
-1.299460122952831753e+00
2.591717558484906148e-01
6.170847320675696412e-01
9.627920391282234203e-01
1.562418190218849645e+00
1.488478942421343820e+00
7.799579903915083712e-01
6.496364729479953137e-01
6.969140104691768922e-01
7.835390094574821163e-01
2.947405038169921276e+00
-6.398052138928755905e-01
3.134752650134744023e+00
1.212469170475034330e+00
3.694901190580690553e-01
1.727996552249073670e+00
-4.991922591422381927e-01
8.960281116784148958e-01
1.643879749251552003e+00
1.441027647449212523e+00
1.820233094989193390e+00
2.807394408909364980e-01
1.204901792495921331e+00
1.402334227144360179e+00
1.783754994434687102e+00
1.987953963950228609e+00
3.115335287902406325e+00
-2.117919697070544949e-01
1.622621528518951362e+00
1.113134974625506590e+00
6.751211551892204454e-01
2.415751770331766579e+00
2.213517086115195820e+00
1.446965074058589096e+00
3.095944704189786734e+00
2.118274699684111528e+00
2.511929068419800348e+00
1.278702099877357501e+00
2.412707271955897514e+00
1.844198021797416320e+00
1.588566416056019559e+00
2.249199146873317012e+00
2.151155486532928762e+00
1.691875097028779473e+00
2.582652229716194903e+00
-3.961818463089943343e-01
3.673638163494751030e+00
-1.612348155837433072e-01
1.931803110679649160e+00
4.848541084126384293e-01
2.359770991301085807e+00
1.370677429674769687e+00
1.109518298361424460e+00
-1.583480889199595509e-02
5.691240346224476498e-01
7.631342312842185338e-01
2.084896805680082288e+00
1.572794146068583476e+00
1.660916046061571283e-01
-4.243718003680598816e-01
1.522960928683973147e+00
2.621862660003402290e+00
-5.729817114424007318e-02
-7.274811853995711841e-01
-4.347656400742325733e-01
-4.668161237822774368e-01
8.425667713722664320e-01
8.642253694065898939e-01
8.561623446773185542e-01
-3.678966798253491266e-01
1.679055211410135362e-01
1.238999806832755457e+00
3.029507262349022678e-01
5.192194504080427375e-01
4.505968338196110201e-01
-6.549542447022752567e-01
2.158058615669301350e+00
1.697623889229021854e+00
5.316085556880635332e-01
-6.528370448302434070e-01
2.168826161683050646e-01
1.678890890106038647e+00
-2.654872727746578065e-02
4.501359518802016679e-01
-7.732827306231693232e-01
7.316225423359162816e-02
-5.143785137231886573e-01
4.999691095395198959e-01
-1.173603865833681370e+00
4.047809367737942865e-01
-7.004478252676246131e-01
-4.056190993361480923e-01
9.423843871091592828e-01
2.551791491323059380e-01
-9.388475101039110982e-01
2.695972843971161659e+00
1.068206278157678657e+00
2.033833654427797732e+00
8.522348983220958685e-01
1.452721511805336707e+00
-9.983976205352230737e-01
-2.888947579635092744e-03
1.886144562229878030e+00
1.715807620153990465e+00
1.327606834743966457e+00
7.389673847321257538e-01
1.869311629930166863e+00
1.256184312572698136e+00
-7.232426427928828616e-01
1.950964164346153051e+00
-3.578733358162404787e-01
1.640956282399236521e+00
1.775872297703533942e+00
2.093900095918412418e+00
7.161840568684511021e-01
1.742267798500653608e+00
1.727512908939584868e+00
3.449007490601876391e-01
3.062803958740402344e+00
-1.185344065706295247e-01
2.985573298995805924e+00
1.277269095420399347e+00
1.705597159834723264e+00
7.725712382934046829e-01
6.240333278636909231e-01
2.874580164177339192e+00
9.279440598146856400e-01
1.705935449888558164e+00
1.831179972588027338e+00
1.601721907963431502e+00
2.734295609868063526e+00
2.164830285321555525e+00
8.571419402962527911e-01
1.823669311182966046e+00
1.993579158929197570e+00
1.756510734101827786e+00
2.269562139888410712e+00
2.837503807879616868e+00
2.340318039484379220e-02
1.666086328747266698e+00
-5.301331338751380517e-01
1.564234819475385008e+00
2.215046913075274126e+00
6.298275370480326263e-01
1.624624623889655117e+00
1.646808824965329654e+00
1.481736029891413509e+00
2.340134837875808671e+00
-8.175882124650240002e-01
1.184129737996171272e+00
1.786775617061703070e+00
1.018332826208780073e+00
2.082396220804643594e+00
6.397386413678435302e-01
-2.172201880306168231e-01
8.872159260734333586e-01
2.323218049695383147e+00
1.427656555728805676e+00
1.966953655634964937e+00
1.799558673381496776e+00
9.361130598583500273e-01
3.092765018141994116e-01
1.668049859108445165e+00
1.999399106739794707e+00
-3.934072214724906313e-01
1.544871448238740674e+00
-6.379231698526508509e-01
5.426546773432906479e-01
2.770571329688377715e-01
-1.630634307201813904e+00
3.857841405813977609e-01
-2.951452628147205548e+00
4.958069246041930112e-01
-8.875636949942458109e-01
-6.602871515960947457e-01
2.698366078447518857e-01
-6.287655402563017137e-01
4.317170811129197316e-01
-1.314769759360197243e+00
3.241806175021941239e-01
4.732679020866249475e-01
7.167017554678137836e-01
2.561990214312001579e-01
4.762689932839257734e-02
-7.537691356976982116e-01
5.375852874069561027e-01
3.917730474708155386e-01
1.986172184304655586e+00
-3.724180634716048321e-01
-1.623138079896915942e+00
7.311464092434732942e-01
3.319489299189470888e-01
3.086757282752425335e-01
1.425112417283078248e+00
2.500959523060493961e+00
7.467118055351420480e-01
-1.302879638198379375e+00
-3.957052050680183175e-01
1.435817685128017773e+00
-2.922585960974209973e-01
-4.050629802808236590e-02
1.024463052617514469e+00
1.436838272772742897e+00
1.138490494455057789e-02
5.901997788686560442e-01
4.184560821301984146e-01
-8.306223499017048040e-01
2.854557234603182003e+00
1.024544307506975338e+00
-1.547971411177484491e-01
7.707441098264404822e-01
-1.654583240680987721e+00
1.092074620413715946e+00
2.380819133827052347e+00
2.047553510074483718e+00
2.829453494531890101e+00
2.963722915834832161e-01
1.609534731206651914e+00
2.876180155575194242e+00
2.262728711190457709e+00
1.270465049003495883e+00
1.849888023151237126e+00
5.495986747156704766e-01
1.510342587756016819e+00
2.158872503613836979e+00
9.658576797781127654e-01
3.563937241406890166e+00
1.733024243508159534e+00
2.552315101816471810e+00
2.263794095054408206e+00
-4.870466824323105293e-02
1.438788348956924645e+00
9.190570324135849400e-01
1.139716802216750313e-01
2.252656551889686831e+00
9.391170451584047729e-01
3.025898152725106982e+00
1.126952036577049787e+00
3.381572519418778011e+00
2.926009951812589271e+00
1.974089750454466774e+00
1.411259865633643917e+00
6.100639605003832511e-01
1.420011105088049064e+00
1.764109462714041454e+00
3.199202488072357298e+00
1.055909641981037872e+00
1.447460004676718981e+00
1.056112504932322338e+00
1.520572557412854131e+00
2.528848692781267005e-01
5.583447573135084108e-01
5.041561781796407571e-01
1.299678625314244718e+00
2.856232713923149369e+00
5.957656715302540595e-01
4.997008814669932075e-01
-3.690102398724517396e-01
9.717658387529327646e-01
2.280110218124396404e+00
1.238639712397872072e+00
2.343570713283580798e+00
-6.002838401198503648e-01
1.194725451499312863e+00
-2.365528248259753941e-01
4.759058060976374405e-01
-1.211143300415814528e-01
-6.235997814117565374e-01
1.002654036359988288e+00
-9.067318869660033753e-01
1.234052152865585228e+00
6.526826751026515439e-02
4.518469139091805253e-01
1.110924883456553713e+00
-2.000823758816259179e-01
5.050356509945463923e-01
-6.572876038025865508e-01
-1.208292183855030455e+00
2.521102046720334222e+00
7.650505076575035979e-01
-1.968094744829720577e+00
-3.614367478537613976e-01
-1.750405736416076996e+00
-1.940107765855901001e-01
-1.232850242137298213e+00
-4.722610842374606599e-01
7.726301813896662152e-01
-8.191376781443870936e-01
-8.903860484677224019e-01
5.359900516509141788e-01
1.120787785292769900e+00
-4.633710406229844536e-01
-1.444467715187011114e-01
-1.367443701959108804e+00
3.307230807578305232e-01
-1.888635486071094105e-01
1.086132095870534497e-01
7.980559253286110266e-01
3.763482246893951055e-01
8.028191167430507313e-01
-1.549133351383847668e+00
1.090814590863935285e+00
-5.732279496333603230e-01
1.289618503620377776e+00
1.416979633619620538e+00
2.212363517066874508e+00
1.076681331017464993e+00
6.215202945125226641e-01
1.196117192053706146e-01
2.091902321765175543e-01
1.453908930313413839e+00
2.536475549856629819e+00
2.375940877391167660e+00
7.461987139041481587e-01
4.231694305000353040e+00
1.946064674770029423e+00
2.657868101152944806e-01
1.647420102953809140e+00
5.306555379538954176e-01
5.806830944339453904e-01
6.420384173154070062e-01
2.279134989954774149e-01
1.267308748238891170e+00
-4.129860210833946610e-01
2.680226545095247825e-01
2.294926515144594337e+00
2.467493702548545276e+00
2.930521489015318615e+00
2.579993622189708624e+00
2.024328458444484280e+00
3.084893409474357195e+00
2.740631059465868713e+00
4.007397810414143891e+00
3.728896987610764491e+00
2.117011651406901951e+00
3.228516385402955713e+00
3.054528121543663488e+00
1.324429962755879986e+00
1.924532377295027130e+00
8.528863045505390428e-01
9.896183839544341332e-01
6.547300021668223113e-01
2.950700029340473485e+00
1.856164100641722881e+00
1.074250406464052343e+00
1.888194405206889304e+00
9.916040134594743538e-01
1.206489545287075416e+00
2.616397442070577117e+00
2.020404190069058803e+00
1.251812594976452031e+00
2.678907239109721061e+00
2.061765518493777094e+00
1.521856401402092773e+00
5.704887338604602842e-01
9.281873296164514509e-01
2.052613414389136359e+00
-8.034673399374849811e-01
-9.282391508067866503e-01
2.188548883669794165e+00
1.491700182501530136e+00
-9.114461346250590790e-02
1.463750327593376532e+00
1.256470910050722978e+00
-8.817880749195214918e-01
-2.274081845325649498e-01
1.209731640453473922e+00
2.945409886726944926e+00
-5.181332577647679294e-02
1.009465645804184852e+00
1.625786347245440355e+00
-1.584776318442177256e+00
-5.921535182804233965e-01
4.678276338376262666e-01
6.634487690305621577e-01
-4.100141885762395022e-01
1.044173812138984858e-01
1.304261208681465611e-01
-1.201736183566932015e+00
-8.340693647173422764e-01
1.031846772556491154e-02
-1.905901240892362569e+00
-5.545433750628130376e-01
-1.447619530686940159e+00
1.321558711799689201e+00
1.813096073010755704e+00
1.043502575224457107e+00
1.070994468116817311e+00
-4.037874532757120272e-01
-2.377704130529422200e-01
3.055981423858433743e-01
4.099751285398390843e-01
-2.166414935117150442e+00
8.864508841398115457e-01
1.432591835890534959e+00
-1.653130738230442764e-01
-6.800689068609500065e-01
5.808783890082520607e-01
1.195100541052818155e+00
4.852432185913042595e-01
1.487334311742803505e+00
1.639238593323307569e+00
2.969672039300405575e-01
1.460739931281583637e+00
9.560683555296392022e-01
3.562634244474922607e-01
-4.790023805816389091e-01
8.699199952046938744e-01
2.282244829114290496e+00
1.136320552516614901e+00
2.608509149316299291e-01
1.164202046251346490e+00
3.261131921020616886e+00
1.698466081111640102e+00
2.204367591146546790e+00
2.317203629737735859e+00
1.351142382554849197e+00
1.248478318545341192e+00
-9.671197916588103460e-01
1.399905391086989415e+00
2.824377880425074316e+00
1.799455951829453060e+00
2.791720498689203023e-01
2.649301438651732177e+00
1.283131898715954788e+00
1.377651530664199431e+00
-4.711339516562951246e-02
1.435872387480740864e+00
2.504751079869398822e+00
1.651790206128983751e+00
4.024103466305528620e-01
1.606222891113800122e+00
2.169736594081536296e+00
3.476236770163583234e+00
1.619671956290214432e+00
3.435814372890112711e+00
1.470534691105007674e+00
7.471787076460190136e-01
7.986996865557309810e-01
3.120457088100890175e+00
-4.395920855986921172e-01
2.199700196165903510e+00
1.152792119857803277e+00
1.349959905398764759e+00
3.111686798243665564e+00
1.766304396903334295e+00
1.028708075895490959e+00
3.814615656833382218e-01
1.006295613408926037e+00
1.577686197751883235e+00
1.399838796849127931e+00
1.926939846330512740e+00
-8.233064333935693480e-01
1.594100722493741129e+00
3.653233271181277608e-02
1.769118934781895636e+00
3.744376637641267935e-01
1.296226251199367407e+00
3.077325003745482679e+00
1.310814061044855761e+00
1.727288412496023051e+00
2.462975850343352313e+00
2.817903450827417000e-01
1.454122508582581519e-01
1.609502189112151704e+00
1.152680689023275695e+00
-5.670964911200635505e-01
3.316400356484512368e-01
4.299800499161460787e-01
1.269834835328431444e+00
1.035128725863705190e+00
1.523472591752285332e+00
1.660174647725674690e+00
-1.136197743549271610e+00
3.244537208450383403e+00
-3.332911822663232604e-01
1.697663951195445886e+00
-6.474104451818183392e-01
1.345228263772168642e+00
2.499067266964005163e-01
-4.081663314591824077e-02
-1.006553851880994443e+00
6.530315890832972814e-01
-6.949352847681633527e-01
9.536118726877332863e-01
3.563419974107220334e-01
-8.048997887177774535e-01
2.575991989049211561e+00
-8.615183281805225413e-01
-2.029433801698431739e-01
5.362843754203281410e-01
-6.078658374449746882e-02
7.906393710979363609e-01
1.014117291782771435e+00
1.043370956099187952e+00
-1.108818708220173921e+00
-5.355778636488361943e-02
-4.685071917466423486e-01
9.802377609466936814e-01
-8.428134597993741650e-02
-1.250999218320146600e+00
1.286821389251085801e+00
1.471591506663477933e+00
-1.775034714048528306e+00
-9.527047829037945670e-01
1.771297553758174326e-01
2.226064810055283338e+00
2.479595842570389674e+00
1.763552515920381314e+00
1.517873875632452574e+00
3.663432833377378017e+00
3.736912092581118339e-01
2.910062093516176951e-01
2.299136238067104099e+00
1.730890830908123457e+00
5.088335644219985632e-01
-1.186802853872692909e+00
2.066130680836808065e+00
-1.255900851484247127e+00
1.686467636061728559e+00
2.607687749516839903e-01
1.011302865740989265e+00
-1.251412624800375184e+00
-5.184946330822264304e-01
1.079118817747662717e+00
-7.070949315731894780e-01
1.082737877955635364e+00
1.474299628960298758e+00
1.582283186385259333e+00
-2.930965024676521202e-02
-1.797732942605857198e-01
8.587359736875667116e-01
-2.022317922075517749e-01
-7.211457596937656533e-02
1.013441536961094513e+00
-4.165357619256108701e-01
8.535425057825900552e-01
2.077831585963977323e-01
1.375353325945854188e-01
7.739897515536139361e-01
-3.072265301130416848e-02
-1.756668271890364119e+00
6.393503767994859199e-01
9.765231015893469646e-01
4.870704092365507609e-02
-1.505463370769337450e+00
-2.260260043601436397e-01
-7.010061937169242974e-01
-1.605370138806915925e+00
-8.067543516737726295e-01
1.336648523504881281e+00
1.985293997096096108e+00
2.194352524460608578e+00
-9.799286751601521406e-01
1.391190135999739175e-01
1.957437297197365478e+00
2.843020366838890034e+00
5.933901342031415727e-01
3.842328442082985518e+00
6.184291521795857172e-01
-7.278076240334807601e-02
5.328165221755489789e-01
1.753764180086888835e+00
-7.197954408887617950e-01
1.683958355306056198e+00
2.747313636001982751e+00
2.176026930409444837e+00
1.464433037601272414e+00
1.325438883019186109e+00
2.524100987678236097e-01
1.342861408518632338e+00
1.399574538357705400e+00
-2.319843011056126780e+00
1.025883444608119310e+00
1.142592382512754856e+00
-1.068742470325240834e+00
-3.425378471645945111e-01
3.757386317235916096e+00
-1.087423118827510748e-01
1.759035199260399640e+00
1.008310324223348625e-01
-1.264501046619890712e+00
1.021726357255104078e+00
-1.025017381846055342e-01
2.287897401035269285e-01
-1.193723432312153498e+00
-1.729599872848259501e-01
-3.499493219536470301e-02
-6.109594772813624619e-01
-1.061601786584609186e-01
2.372203194391489522e-02
3.595114139300089051e-01
7.182471875486660107e-01
1.059959181630856229e+00
5.668295005728516411e-01
-3.259519165058493706e-01
1.181472907592526322e+00
1.899486842787837304e+00
1.126988082686138259e+00
5.083588920158919056e-01
5.111378608761327769e-01
1.552684365146597134e+00
-1.939965809193322510e-01
2.528935416751312282e+00
-3.949819667334547590e-01
7.333764157765385594e-01
5.141470243778027971e-01
1.495294722476826488e+00
2.212460329925398206e+00
2.197789105963116052e-01
1.327764616753744242e+00
1.186221424986185546e+00
4.041751077298438299e-01
1.281244866466277221e+00
-9.510563777748126668e-01
4.156308486100721566e-01
1.001493304531712036e+00
1.295759925554568426e+00
-3.863120643326848347e-01
9.109488222625912179e-01
2.277310037547775057e-02
2.014753499664198033e-01
1.522917645177441770e+00
-9.754699508687327825e-01
6.458747360382293135e-01
8.618913271852507441e-01
1.227963827956434217e-01
1.935302679872931142e-01
9.791352759652302007e-01
1.747357207642485921e+00
3.159023317292281030e-01
-1.305310191127143638e-01
1.339461172919220733e+00
-1.290301177184903114e+00
4.780481399377912999e-02
-4.792411070055228595e-01
6.938029390574161903e-01
6.020961065391059464e-01
1.010080265354621032e+00
1.692688958061489279e-01
6.001939421570684496e-01
-4.675380724121020459e-01
-1.188047153384468979e+00
3.839039041283033860e-01
-1.560747718550775653e-02
1.407807595336233453e+00
1.785575428130115272e+00
-1.468497304904247791e+00
9.843620551825716936e-01
8.021539667400059415e-01
5.330244941350532617e-01
5.546324636450234991e-01
1.837950717556386726e+00
-9.170097746536463035e-01
5.817085400021975161e-01
2.112146554017199307e+00
4.005129731827540063e+00
7.859179827009166175e-02
4.180623038084053666e-01
2.311500104108222153e+00
1.539072227291084616e+00
1.339174421361380318e+00
3.425647428588999066e+00
1.331720693799240074e+00
4.027512525803878529e-01
-7.225036590700877337e-01
5.180799964166691307e-01
1.809871505504581979e+00
5.384413368077067830e-01
-2.435679419868584938e-01
-5.462428034084163553e-01
2.223862670587504198e-01
1.606668033800158435e+00
2.987776784398020524e+00
9.286449206998915740e-01
-2.736198168447960377e+00
-4.072593000719239575e-01
1.234635524531693118e+00
2.130934262240103738e+00
-1.062954856067628739e+00
4.833742359202245487e-01
1.722283277911480226e-01
9.026209709779104973e-01
7.844748996924151563e-02
1.370643762123515019e+00
-1.323552772102242203e+00
1.052491053834544443e+00
6.255010030425995904e-01
9.646636536747930091e-01
2.490629636840715755e-01
-1.167236299239944319e+00
2.278742006437784795e+00
9.485457383303068646e-01
-6.838561331789630993e-01
3.203356739376062023e-02
2.410793640717008746e+00
8.687480702337841976e-01
1.733023688056326561e+00
3.273851519043682323e-01
-9.411093437631173897e-01
1.713549906042663107e+00
-1.816422599338957111e-01
-3.610958107963730956e-01
1.213089645267899641e+00
-6.110404793710809690e-01
7.885975756977128270e-01
2.500977675430398062e+00
-2.699770329214874476e-01
1.806929118754944108e-01
2.273940863538441270e+00
6.419298879904848931e-01
1.373253061947328435e+00
2.196942124927374174e+00
4.268768387657821406e-01
1.945268780621334015e+00
4.920129706484364096e-01
1.206798611990502756e-01
1.094855905643320249e+00
5.946166355695521322e-01
7.664318748525680292e-01
1.120568512408230077e+00
7.411047221700470811e-01
-1.423744235839237149e-01
1.483181028436692417e+00
-1.641938543983982868e+00
-2.053243600980868333e+00
1.889037915118525479e+00
1.521830943321329233e-01
5.855239299750626403e-01
-5.613119887119910612e-02
-8.974620795456366151e-01
-9.040979632002169586e-01
1.814973678737288182e-02
6.552164025297187167e-02
-4.612159596895042402e-01
2.227083589012967824e-01
-1.902641838023312049e-01
1.519886461307498937e+00
1.601826272686936115e+00
8.782977753293065293e-01
-1.351336827416826258e+00
2.419357507473686386e+00
1.132970042917426090e+00
-2.626035630051026803e-01
1.227853658695086780e+00
3.780441296197702972e-01
6.847903069113593366e-01
1.416090163779840649e-01
2.334001103542092448e+00
3.319374578938460996e-02
1.265816004834871222e+00
1.114704148088433211e+00
1.418461122899473237e+00
2.069696809494750989e-01
5.963230435556476916e-01
1.380401539126476562e+00
7.648773142085942833e-01
3.011894630926207350e-01
-3.341266115756953425e-01
3.141373492067810469e-01
6.179123562260263602e-01
-1.307102843149131832e+00
4.465013087682807580e-01
5.878414146110362282e-01
3.013389638841034168e-01
2.073191496249510823e+00
-1.391647350543244732e-01
-1.195434666746003849e+00
3.727761686361273252e+00
2.036168228578080219e-01
5.062997872161467683e-02
2.151424100373073856e+00
4.897322996500545478e-01
7.399551464265685663e-02
1.113615059511410710e+00
-6.208043112348349268e-02
5.782689275714585353e-01
1.223807977368623234e+00
-8.235472702237156550e-01
9.179790253766868524e-01
-1.638929311720712934e-01
-4.941987367995739899e-02
1.510617060981597204e+00
1.570945201491506626e+00
2.583312140763068254e-01
3.537125197047969460e-01
1.011166921332675495e+00
1.341679235466198161e+00
-3.472665529804214724e-01
4.159371581049185473e-01
-6.821002817677143115e-01
5.405927350765902251e-01
7.129002681817413478e-01
-1.153265272672153507e+00
1.936392001880272273e+00
-8.663348716088790091e-01
6.953493865595931078e-01
-3.141931143687093364e-01
2.164941203463862873e+00
-1.199592103368718465e+00
1.170316907806139284e+00
4.037894949314058124e-02
2.028538626909774489e+00
4.847767432046936609e-01
1.173030202938135869e+00
1.334803893394878260e+00
6.847488158770667077e-01
6.523726554569355685e-01
1.157549715222292885e+00
1.624978307496485641e+00
8.430552650712581642e-01
1.176453231916580577e+00
1.617727660121354383e+00
-1.553733371900370308e+00
-1.256999722646526818e-01
-1.787263211326184376e-01
1.389046186000620686e+00
2.657551060725388270e-01
5.127970472847580563e-01
7.246739235032118032e-01
-9.383112441004759496e-01
5.998722027345526620e-03
1.447393579318830170e+00
9.682677863436089938e-02
-1.096899599179669282e-01
6.884974431432513420e-01
-1.034134253566726169e+00
-2.474563098111188797e-01
-2.911867894835574733e-01
-1.303975281835619171e+00
-3.319494371949115452e-01
1.364302483646590236e+00
-2.170772462964821736e-01
-2.349289026599144237e-01
4.923570035598512362e-01
5.175022226721590762e-02
9.265250047405240719e-02
-1.073304276379205002e-01
-4.835042357842945226e-01
4.600371362150361687e-01
-2.961553842169332151e-01
5.167956928472985378e-01
-1.502213889678318259e-01
9.930992654094383809e-02
2.414781214868484405e+00
-1.827582531257990972e+00
-3.598392742318742288e-01
2.467427476281431886e-01
-6.539182584677943888e-01
1.434963610379491383e+00
1.109483238987599485e+00
9.641505627586492988e-01
1.989046666901066240e+00
3.681183485766343355e-01
3.401669378711099867e+00
1.287561619842052307e+00
1.082768419534134496e+00
1.615775926746763069e-01
3.365856087320834300e-01
2.736914959131515612e+00
4.789505316453583350e-01
1.284459173789018305e+00
9.841784871187541084e-01
1.597765175748242950e+00
4.358340893233906277e-01
1.358826803035474651e+00
8.308384911614762336e-01
1.196239562222776609e+00
1.720105668255702547e+00
2.091406213491316723e+00
1.905571869982679800e+00
1.436466156020759666e+00
-8.738300045326430343e-01
-2.391791485435512676e-02
1.012564769887188021e+00
1.796435133395121841e+00
5.948573025406151960e-01
-9.976840916967733008e-02
8.312977391700894225e-01
-4.673163669251584884e-01
-2.117992209676310134e-01
1.918787005581018335e+00
2.400387071033128095e+00
2.137932024565145639e-01
-5.412207218889999449e-01
-2.115224044267972614e-01
1.046598886948027829e+00
-2.399021817146908209e+00
2.580676847057558065e-01
-1.255921036475130093e+00
8.751559704235333248e-01
-4.697630395308863283e-01
2.308310985891954381e+00
1.922531789241658517e-01
-4.039901151186959249e-01
3.122925590537659613e-01
-2.007940518662877372e-01
2.716635091874538332e+00
1.444485643708329548e+00
-3.584542278160678386e-01
-6.860705959306477864e-01
1.290890270529712947e+00
6.371221683199628227e-01
1.691963851461780965e+00
2.302753549313381498e+00
-1.568313232839921856e+00
1.768377916294919139e+00
1.084851354600757656e+00
1.853736546663735218e+00
3.059570528275249668e+00
3.737914927911284435e-01
9.227628788625013012e-01
3.944685677459859874e-01
2.455430130384333332e+00
6.500007262966776000e-01
1.892806463535318118e-01
1.721767041024914402e+00
3.103912258064767560e+00
-4.990378311143327528e-01
6.838629327053438178e-01
1.382063210132989384e-01
1.155045903925029149e+00
7.986333718265781201e-01
2.174422830532771744e+00
2.168251574903185652e+00
-1.740965369636064075e+00
2.701822024250899013e+00
5.356701382123403299e-01
3.898993715865511911e-01
-1.923722897118526953e+00
7.551392685507987146e-01
1.435069181803466876e+00
1.351236638027874637e+00
-6.414540825942244284e-02
-1.228163519567498779e-01
-1.448118375845601324e+00
-5.754205774526088835e-01
-2.161850274489702795e+00
8.736395455231582563e-01
6.449223290309891166e-01
4.600641679455041988e-01
-3.496454719139226452e-01
-1.381804028065067858e+00
3.146227553068958738e-02
9.265457957182132720e-01
1.661399287377725686e+00
1.217501897799158961e+00
-6.888568999124349279e-01
1.803026859678738547e-01
-6.608169257725663437e-01
1.336506337336832217e+00
-4.332580310462330608e-01
6.912400527051758559e-01
5.309621133725568320e-01
9.476511025035682101e-01
1.103277574646170933e+00
-2.585636434118451232e-01
9.943191680641818575e-01
1.553745999997440341e+00
1.509328712503631875e+00
1.908485018111891085e+00
6.763542004356307702e-01
1.176765098690685463e+00
1.137932537580270242e+00
8.559490048461484424e-01
1.072717880161378812e+00
6.590101042591385294e-01
-5.210583703618983931e-01
1.199563229513816998e+00
5.617602825966970803e-01
1.941595105173882674e+00
1.807926450253486861e+00
6.793649103664778366e-02
8.075082470867271933e-01
1.717892911462500116e+00
1.134980797272207687e+00
-1.300648781846480029e+00
-8.890770798428169197e-01
8.064167715419173765e-02
4.544377968629788045e-01
2.532171918343471551e-01
2.011163177090717347e-01
1.166893004480772822e+00
2.735563931726045506e-02
