-2.711585226063694676e-01
1.929900516728451920e-01
-4.199296858699844842e-02
-3.078400995668292839e-03
3.349076878562506909e-01
-6.696545886833141226e-02
-1.347713168240083359e-01
-2.717101120744486176e-02
-3.086408486578520183e-01
-4.285013926447333032e-01
-5.148444969985670472e-01
-1.986314228297425544e-03
-3.891385605196225894e-01
-4.270813708861201374e-02
-1.473609997969028418e-01
-1.875691896105299572e-01
-4.611522661108242715e-01
-1.602563694531653204e-01
-2.100529231111892270e-01
-4.575554953851363460e-01
-2.721912263948103039e-01
-5.099683696089217788e-01
-4.675143112976665738e-01
-6.490862213086918686e-01
-5.370421652882894081e-01
-6.639800157576170037e-01
-4.073661770535604298e-01
-7.715548178409070701e-01
-6.531534245777602665e-01
-9.706862420689370552e-01
-8.004846439602670838e-01
-6.450260837618504439e-01
-7.577124693662978805e-01
-6.910029975810280112e-01
-9.991582251098745093e-01
-8.391898285010400693e-01
-5.661436979759194577e-01
-6.468729360471601186e-01
-8.369304834351538602e-01
-9.661152198719190620e-01
-1.178144853294735395e+00
-9.404626205143912232e-01
-6.379611136671257121e-01
-6.700663610953636606e-01
-1.073398122523891551e+00
-8.304149508176370542e-01
-5.992347837782243669e-01
-8.523455226321792200e-01
-1.133722256298660191e+00
-1.214464490047630019e+00
-1.100582372519939955e+00
-4.451948666692714385e-01
-8.396690355968944308e-01
-1.383502607598567913e+00
-1.149414760987081063e+00
-1.158329234231923799e+00
-1.011427240023168972e+00
-4.623405107064759711e-01
-1.311489027368577087e+00
-5.555049259149751339e-01
-8.979441755050742158e-01
-1.108760665350344121e+00
-7.415562338015967425e-01
-7.164214774863948421e-01
-8.115574542749763864e-01
-5.165788370745770797e-01
-4.796411559084671206e-01
-3.176277938288609715e-01
-6.643305257958280752e-01
-5.259111846748051322e-01
-7.161828187139799295e-01
-6.150546449518558001e-01
-9.367397613147867563e-01
-2.828819350903253871e-01
-5.758870817619844429e-01
-5.141149051411206816e-01
-5.806891602258852370e-01
-3.127613066315960699e-01
-4.393494184361186883e-01
-2.340382808756819311e-01
-5.262809562261288043e-01
-2.027211639475351990e-01
1.694982892454344192e-03
-1.851685777707816616e-01
-1.302964956037601651e-01
-5.209767966396412486e-01
-1.518119068899412838e-01
-1.113764213422668015e-01
-1.859244597094920071e-01
1.267919207595212538e-01
-6.961368929111669268e-02
-1.092995992927381921e-01
-5.219686105811732757e-02
-1.332366933940736797e-01
-3.961835455174259613e-01
-3.311848747375756852e-01
-2.912127678585548218e-01
-7.143947631596751779e-02
3.361396550660160076e-01
-1.576555802310930510e-01
-5.036553108732286926e-02
2.879617440217708269e-01
-1.091580839900153782e-01
-2.347906471103999304e-01
-1.487953813521251945e-01
-2.591464022447490523e-01
-1.256808111680150220e-01
1.704290658235373679e-01
-3.083655229790960295e-01
-2.316923878963724204e-01
-8.674936195293753149e-02
-1.803266410568808709e-01
-4.842836668959737967e-01
-2.105587329921549955e-01
-5.508435866767288358e-01
-1.253324785137067687e-01
-4.777276489686242966e-01
-4.441097790311637206e-01
-8.298399640030335034e-02
-5.063737102802041701e-01
-2.460748571611681701e-01
-5.100595790239673688e-01
-3.792619026019171669e-01
-1.830504245850457790e-01
-6.072463739638552793e-01
-3.359226915458872753e-01
-8.392570974884221435e-01
-3.282487359955489348e-01
-6.698067445896082051e-01
-5.097570276844227699e-01
-6.198408955169465440e-01
-9.222474271684615310e-01
-6.915183037847227876e-01
-6.674697763965643516e-01
-8.041403218931041375e-01
-4.279044580685729127e-01
-6.899638206219096404e-01
-6.450892198647490972e-01
-1.068366166189791411e+00
-8.993631416192159334e-01
-1.052547039065569789e+00
-8.215931636101123647e-01
-8.808906775980928083e-01
-9.836210255041071271e-01
-9.968026642293694728e-01
-8.041059698843908699e-01
-8.987599476196382886e-01
-7.615483598925084641e-01
-1.159084428115130461e+00
-1.288405031955725200e+00
-1.377258804227806888e+00
-5.725790952262295175e-01
-1.159811757487497319e+00
-1.189627755726406999e+00
-8.759074943333817753e-01
-8.592651313981436445e-01
-1.101312299855446986e+00
-8.456120186579575426e-01
-9.032621880003344206e-01
-7.634986512967116834e-01
-6.858386976438154425e-01
-7.257127238819004456e-01
-9.329455677841991257e-01
-8.703805643552372517e-01
-3.431403321407214269e-01
-6.564663124916974013e-01
-6.812360259600256374e-01
-1.520158880963081716e-01
-5.666025701825190275e-01
-5.770137852085496233e-01
-6.344493787100614623e-01
-4.128186906472552931e-01
-6.155797755008169947e-01
-8.803577805886688701e-01
-8.375339922545568250e-01
-2.894516090894619920e-01
-5.546645666872973557e-01
-5.388067105250333722e-01
-2.368097107062776541e-01
-4.330957799639111871e-01
-4.675213306734820051e-01
-4.889544873037158790e-01
-7.641692215736575200e-01
-5.726263289191566574e-01
-1.735448105210110892e-01
-5.147842850365073053e-01
-4.815832371151353986e-01
-1.975620852447014242e-01
-1.915565611411059466e-01
-3.668640129155326113e-02
-1.806199384381450279e-01
-1.885772234400308334e-01
-6.204724959291594288e-01
-1.224893844352170358e-01
-1.213560941128414006e-01
-5.624165624332821967e-01
1.221411993530468337e-01
-4.510710545369976954e-01
-3.055472257095552258e-01
-1.079059586906366552e-01
2.053424056697774613e-01
2.580297409913038797e-01
-2.923522464433455648e-01
-9.618184202397797589e-02
-2.826180199008792027e-01
-2.005385023106217024e-01
-2.652340943585090871e-01
-2.925144534259782048e-01
-8.616185443705215441e-02
1.512350309713837992e-01
-3.054617183122678714e-01
-3.291726008079800536e-01
-4.091506096239578838e-01
-4.904872264740676724e-01
-6.662114502091485146e-01
-1.555587272653127517e-01
-6.673214670833251816e-01
-2.899020683770081042e-01
-4.537451653628055137e-01
-2.452254793180026204e-01
-1.578588258865551985e-01
-3.983927007444344470e-01
-1.797129119404459185e-01
-2.578567043980748430e-01
-6.100960320741122267e-01
-7.133144369251227523e-01
-4.532687097902969864e-01
-3.911038309674952362e-01
-4.605214667862001510e-01
-4.822505315503849976e-01
-6.185163370675103023e-01
-4.284704739595548428e-01
-8.730793391236820744e-01
-4.981852128889741049e-02
-6.243962758515988476e-01
-6.518433581517183439e-01
-5.974586743564910263e-01
-3.112381022383149953e-01
-5.272679731721925389e-01
-5.362641877484908282e-01
-7.430282938350692978e-01
-1.010689751819475291e+00
-7.680809976880994538e-01
-8.997546703097502041e-01
-1.254155787279859435e+00
-8.721861745158897561e-01
-9.826763035664464185e-01
-1.021602120199708530e+00
-7.599844704254316019e-01
-8.401870020645458847e-01
-1.132626654427377755e+00
-6.983592214172382739e-01
-1.179282671021250062e+00
-7.730838105979892516e-01
-9.757462912989754988e-01
-1.136304675318066559e+00
-9.225051330994092913e-01
-8.252904599495225479e-01
-7.338221331359081612e-01
-1.154796651445404443e+00
-8.779046010721528459e-01
-8.044749177261734108e-01
-6.812437326576034069e-01
-7.848021390955761678e-01
-3.512354541908366823e-01
-8.484128022713014472e-01
-4.434937557822913323e-01
-8.465748917840576482e-01
-7.404459914435496115e-01
-5.427718854432681539e-01
-6.527085830609427042e-01
-3.982657763803134632e-01
-6.626443428723595153e-01
-4.458072931458292310e-01
-4.618098813470607467e-01
-6.145671520966360379e-01
-6.919530586141136030e-01
-7.621656661246708486e-01
-5.024224347225740850e-01
-2.613803270653732302e-01
-4.662295915827102677e-01
1.244149382815484817e-01
-5.239820289399294007e-01
-3.759293340426295149e-01
-3.778364344082946191e-01
-3.236855212184281960e-01
-1.667312252018110230e-01
-1.544747969024175827e-01
2.727964363610442255e-01
-9.716832715017323374e-02
-4.103269133214677011e-01
-2.911213060850109668e-01
-6.166823337163059859e-01
-1.230387052170408696e-01
-9.091377672693898293e-03
-3.192771548233775958e-01
2.334065796818662886e-03
-8.254930867642953918e-02
1.862340968789451823e-01
1.436061779211346701e-01
-9.635467321268992302e-02
-1.200793641916471366e-01
-3.778258557762354669e-02
1.608670117586598058e-01
-1.530933632751620976e-01
-9.039426498114833120e-02
1.812704404210009335e-01
-6.646938008261240594e-01
-2.752009905786301780e-01
-4.582257057624855578e-02
-3.740466087471486789e-01
-1.977719730654229624e-01
-3.246487026238328299e-01
-7.649116950309009511e-04
-5.254801781816419437e-01
-2.491256400275738137e-01
-1.901099234709736352e-01
-2.998592747503472378e-01
-4.221186999863827394e-01
-4.160106990829072204e-01
-6.021037684741423757e-01
-1.431690863648816814e-01
-6.067046807662895835e-01
-6.849037416600669559e-01
-4.072760050841118806e-01
-4.775102514323349423e-01
-4.749216266524063368e-01
-7.512626262174073588e-01
-5.536324297900657720e-01
-7.197836019954897413e-01
-1.001907668485429115e+00
-5.608350931965111474e-01
-8.447769223598037280e-01
-6.183039333078963473e-01
-6.553968318902919643e-01
-8.506147307143328007e-01
-6.157805335177535255e-01
-6.935151305337892147e-01
-6.864187033906100632e-01
-5.920693776107481821e-01
-9.664824704985781612e-01
-7.112757663333942881e-01
-8.756508335985281333e-01
-1.048142075410977592e+00
-5.974559398215101291e-01
-7.346388107858499161e-01
-9.934888265176422539e-01
-8.939659029503530530e-01
-1.034427111796148324e+00
-7.398979381639400055e-01
-1.137404172872316543e+00
-1.067431981663723661e+00
-4.868200637360332039e-01
-1.078216071231451689e+00
-1.047697062984692229e+00
-8.800583549731042510e-01
-9.938581913925769173e-01
-6.566855429722737725e-01
-5.371700533593325444e-01
-3.890038856533234446e-01
-8.296923051470272981e-01
-1.111322447882613806e+00
-6.825965605678501191e-01
-7.663643244805127264e-01
-6.912187397665637834e-01
-9.497092712222081623e-01
-9.996811375546758027e-01
-5.274436837852517490e-01
-1.113945249861471032e+00
-8.327052495611227956e-01
-6.137897080625966950e-01
-6.590835445929215108e-01
-6.504259685813607028e-01
-4.484821311947672084e-01
-3.745254948202544343e-01
-6.727509956199795305e-01
-5.876502461235340036e-01
-2.763562631576943485e-01
-4.710748342693506507e-01
-3.571881532631303036e-01
-5.270855484995466966e-01
-1.968143087251477408e-01
-3.945113492063871963e-01
-2.092992837708379239e-01
-2.789526115134106643e-01
-1.419947729232960421e-01
-5.696616109931906813e-02
-6.877356966781203451e-02
-4.348307308835658302e-01
-4.857267241815912406e-01
-3.386473961155179735e-01
-1.287511102456544709e-01
-4.847653838625756162e-01
-3.859225624504200036e-01
-3.558301381964787957e-01
6.896998316912858473e-02
8.263163463590746105e-02
-5.398642477315849231e-01
-1.131214985340163459e-01
8.415570858277722499e-02
2.160858665640193188e-01
-2.320021780177142501e-01
-1.348866928065553528e-01
-9.144208389295506445e-02
-1.065212932789814798e-01
-2.446582015435029289e-01
6.556436962237233157e-02
-1.178827767367814083e-01
-5.370351298726412370e-01
-2.310190599448810334e-01
-1.078133742902213504e-01
-1.840942436794998083e-01
-2.650097189467263137e-01
-5.085219966722384077e-01
-6.117252670576910356e-01
-2.626181939273011801e-01
-1.222379415864333074e-02
-4.486843156273551125e-02
-5.214228026173692854e-01
-5.318458516619259946e-01
-6.262306879540585625e-01
-6.518442277747458213e-01
-5.105354423557593169e-01
-5.640375707337527134e-01
-5.688158551076543112e-01
-1.529311381831160443e-01
-4.830925837046792237e-01
-5.029505867440553502e-01
-5.165529605641522304e-01
-6.250995066467163186e-01
-1.098259462120782848e+00
-6.485958827774168656e-01
-1.050359505834946194e+00
-5.162158898739216406e-01
-7.978722437856412553e-01
-4.178670492598695052e-01
-1.016862270608898999e+00
-1.032830251214352790e+00
-5.312267260014229553e-01
-1.111140501349482168e+00
-6.721648286266453942e-01
-8.894218367122510571e-01
-1.330196535053655538e+00
-7.058639572230920312e-01
-8.335846946222458254e-01
-1.161138041230848073e+00
-9.569240729126865519e-01
-1.002178370199861890e+00
-1.100430505284752947e+00
-8.653531468662724047e-01
-1.215476401046524657e+00
-1.131284224234995861e+00
-9.870035801100535133e-01
-1.018793546551717943e+00
-7.880358132595485232e-01
-9.119433965708445555e-01
-1.211925148787175388e+00
-7.253046859170129146e-01
-9.022277952988386751e-01
-9.705155999873075201e-01
-9.291639671770690612e-01
-1.179079170962925804e+00
-9.415594387909278495e-01
-8.386457473736287360e-01
-5.192833942417380833e-01
-7.728809282045597806e-01
-1.438825928803634246e-01
-5.728063261440810017e-01
-7.753774938506565739e-01
-6.392692909379229516e-01
-2.502081744163399679e-01
-3.796884088931153922e-01
-8.129443994952954000e-01
-8.635157857413231497e-01
-4.129062354829077797e-01
-6.048464228999279602e-01
-2.051289497393828931e-01
-1.490744603572667359e-01
-3.585683622738010667e-01
-5.013660044499350654e-01
-4.857131693506987480e-01
-2.817742565793180387e-01
-5.428313329022136369e-01
-5.610760250672691685e-01
-5.195203625441778827e-01
-1.507518406848172843e-01
-1.119199173171209205e-01
-2.010893987416583484e-01
-3.438573365628924128e-01
-1.449393428243690163e-01
1.141164028976689448e-01
-3.604258001102432218e-01
-3.809423521003962865e-01
-3.973329669730572555e-01
2.615072337168624084e-01
1.607423711282707501e-01
-1.383183380086151493e-01
-1.371505919120126760e-01
-1.727052243276768276e-02
5.154267713476358426e-02
-2.036336142356306167e-01
-3.377859864859154571e-01
-2.200759190621106448e-02
-1.540291196810279484e-01
-2.497909478035071629e-01
-4.191966854007057597e-01
-1.375471954503189320e-01
-6.752605427113231307e-02
-4.180345117942635413e-01
-2.458928519670322554e-01
-5.635507985309886614e-01
-4.827660367681617659e-01
-4.485681603808828743e-01
-4.596972299161472542e-01
-1.808345085386152129e-01
-3.128717083194498261e-01
-5.506131586700218072e-01
-1.790612894272517186e-01
-1.140378985990537219e-01
-3.375865018815921159e-01
-5.064794189148709158e-01
-6.225744393157917056e-01
-6.895655102016844396e-01
-5.091534712342635771e-01
-6.545622775893173984e-01
-6.540966972588704298e-01
-5.416623433995150227e-01
-8.852584032195209840e-01
-9.674236307463801587e-01
-6.501821928359033942e-01
-5.538400349693993752e-01
-6.744174423779660810e-01
-4.511896203075542733e-01
-3.652173827331831046e-01
-7.405796352748329481e-01
-7.741563983640885604e-01
-8.677234806068554462e-01
-9.962174626088886598e-01
-7.863075142340664181e-01
-1.153942706030659737e+00
-6.848886597406805832e-01
-8.326165893573813648e-01
-7.272926267843523584e-01
-8.485843214684284375e-01
-7.824802540039924592e-01
-7.065924902157634246e-01
-1.249933408326683315e+00
-9.787960248957611187e-01
-8.470869871236927917e-01
-1.074523891838996104e+00
-9.730250470011797548e-01
-1.144690434240710042e+00
-6.139545266171240190e-01
-1.123767266924179831e+00
-9.247199075290027936e-01
-5.107307036527778399e-01
-7.145782657968094975e-01
-7.239537357815613028e-01
-9.562197122486219003e-01
-7.886024967262141860e-01
-7.888513551255013079e-01
-6.799084056563314826e-01
-1.075025576979360187e+00
-7.487056288385531833e-01
-5.078126235728105398e-01
-7.362614387391249737e-01
-7.242364341134578387e-01
-2.982186730286011667e-01
-8.768738733831932253e-01
-1.727878373221124475e-01
-8.968328543394822328e-01
-6.461268724581301637e-01
-4.927005247927788156e-01
-5.507765333279738273e-01
-7.591670337156918302e-01
-5.194932232026298058e-01
-8.659071991281294123e-01
-1.610666541013249242e-01
-3.330971468137769453e-01
-2.433160695522135764e-01
-3.904124773718828934e-01
-3.675101098986772730e-01
-4.646569681450301581e-01
-2.471010904978879208e-01
-2.086550771881868216e-01
-3.301964514959077057e-01
-7.068863408806763671e-02
-1.802274275717940244e-01
-5.436309927879015014e-01
-3.699278794782356883e-01
-6.039460426400644621e-01
-2.309600860425630731e-01
-3.882164747012993855e-01
-5.118499152052764789e-02
2.267880743325806359e-02
-1.375445519540068051e-02
-9.325578671963019595e-02
-1.300125735855982012e-01
-2.364336414490497973e-01
1.419688281105655758e-01
3.395966521807883276e-01
2.580814488531361223e-02
-4.388762533396897009e-02
2.386803560703190663e-02
-2.401734548060687757e-01
-1.950001618142264137e-01
-1.847297131458169595e-01
2.545264931805439890e-01
-7.075427104133849010e-01
-3.575460125934984412e-01
4.793200080836293453e-02
-5.612965914564732595e-01
3.216144618938782118e-02
-1.741671883699164869e-01
-4.389596790104980384e-01
-1.709730046412908100e-01
-5.108702821514785608e-01
-5.251628224571196490e-01
-5.094790363389162247e-01
-1.783766368687413617e-01
-1.695972247871850302e-01
-6.117789733214478165e-01
-1.716157036897212884e-01
-3.433981604255237352e-01
-5.974472368326801952e-01
-6.488867299864478078e-01
-5.096204948388930456e-01
-4.075225180907936506e-01
-8.444897838839491300e-01
-5.025988851328071494e-01
-5.616167080405990442e-01
-2.569115506554883188e-01
-9.908465880645743740e-01
-6.796056194109956206e-01
-5.459335040886652557e-01
-2.353550241141209587e-01
-9.907853755879515445e-01
-8.023302937121910006e-01
-4.691830055631491803e-01
-1.058114590338632643e+00
-9.190658949536859579e-01
-8.371950340103310184e-01
-7.364196281308319492e-01
-6.677774156473627043e-01
-7.016761716554831274e-01
-7.899878454449963394e-01
-1.169853303951791546e+00
-1.182978646587756755e+00
-8.567379526977125792e-01
-9.560722889640554945e-01
-9.116555290563200797e-01
-1.071299247327348603e+00
-1.151793806800195608e+00
-1.092756440881194280e+00
-4.096052512795638201e-01
-7.886849716653095976e-01
-1.343379311583040137e+00
-4.745810819287246685e-01
-7.134096806277192560e-01
-6.884865583936728983e-01
-1.162590287838375369e+00
-7.381557359871551149e-01
-8.225409215718669786e-01
-8.313224546697655093e-01
-8.610079078981891509e-01
-5.963169334720056503e-01
-6.959436135848444671e-01
-5.769001207578481338e-01
-8.288971196666394814e-01
-6.754921965394855565e-01
-5.931204074446316810e-01
-7.024183767451038785e-01
-7.321941552474511283e-01
-6.492172283947267308e-01
-4.989021344346580289e-01
-7.864004916718106974e-01
-4.974556867654882364e-01
-6.144453596568346665e-01
-5.854376678194166406e-01
-4.886720320840169385e-01
-6.523063335325517409e-01
-5.003659268811909699e-01
-6.965370687796190730e-02
-3.739065394701358014e-01
-1.821962347253761327e-01
-4.526106958058893626e-01
-1.778979085110001801e-01
-3.450632659056603879e-01
4.736043935256606385e-02
-2.090402002591577879e-01
-3.498982711295581249e-02
1.234474201274552985e-01
-7.524183136997936172e-02
-3.755364072516935436e-02
-1.920971179290138775e-01
-2.278238926947979137e-01
2.837464221623063332e-01
-6.889080797171270865e-02
4.638983575112951702e-02
-1.550367543302444140e-01
1.294221873146517987e-01
1.755888225844273176e-01
9.425510690070318387e-02
-3.607290931008697715e-02
-3.144887606778057343e-01
-2.249754793105686046e-01
2.265372422535102404e-01
9.676722212533420131e-02
-5.015152122406915658e-02
-2.751092348258494247e-01
-3.911958474625611970e-01
-1.823470105557315202e-01
-2.515159788018514475e-01
-3.753534747701384733e-01
-4.744474476011765196e-01
-3.502299565992846864e-01
-4.990443983196715672e-01
-1.645777459861632597e-01
-1.834420859290296912e-01
-4.898849154550281582e-01
-4.863486724124814198e-01
-5.185835531661184827e-01
-4.929637033933577661e-01
-3.070639441133371506e-01
-7.484707860536382595e-01
-6.881633321284237326e-01
-5.274145964927976493e-01
-4.766256531878681479e-01
-5.565293640351224314e-01
-6.262876240409537276e-01
-6.528732048991503500e-01
-7.317528402549615674e-01
-7.956576460849141830e-01
-8.591377124264255594e-01
-9.496103284500041486e-01
-7.761007218766081683e-01
-7.959076720594989718e-01
-8.024955421730151084e-01
-1.299304517369790801e+00
-5.918397728029107796e-01
-9.301043554095544952e-01
-8.887264416866731409e-01
-6.314499341420387601e-01
-7.671022259034921964e-01
-9.909176633891488839e-01
-1.016278739712282775e+00
-7.049046437286146105e-01
-1.164093561253036757e+00
-1.158140811834468487e+00
-8.963905568259633583e-01
-1.153175495012666918e+00
-6.184482484177009631e-01
-1.357931504303842685e+00
-1.000778723800831438e+00
-1.280323959995074201e+00
-8.586509592035460603e-01
-5.051413371753324943e-01
-1.062724503940791765e+00
-7.159909372318253862e-01
-7.810515514274589677e-01
-1.070194801133699247e+00
-9.993843691615218461e-01
-6.926720568234993047e-01
-6.212958941192223694e-01
-8.171476777313179118e-01
-6.627557217922968036e-01
-8.220595958949055149e-01
-7.417607912158336037e-01
-7.181667618451383905e-01
-2.524373560249695836e-01
-8.149810419626005720e-01
-9.236478634388736175e-01
-5.974754000041537783e-01
-5.448801975816774945e-01
-7.188673756347236932e-01
-7.435276767233381934e-01
-2.351165931759378047e-01
-4.179388534622949791e-01
-1.887806480364609407e-01
-2.334345949520816033e-01
-2.200444520144292371e-01
-5.644151057473822952e-01
-1.848504251752210170e-01
-4.140851594713915729e-01
-1.999738859634515031e-01
-5.273632992271222175e-01
1.209748106650399002e-01
-5.906403361014131992e-01
-2.618285633730323969e-01
2.898360165479638151e-02
-2.633188038508122997e-01
-5.263476654952278788e-02
-1.162682684273452227e-01
4.943239500451110380e-02
-1.682827420068186697e-01
3.469164939460012143e-02
2.102276417164430922e-02
1.445350478107105541e-01
2.552374259643137577e-01
-3.576877527355273312e-01
2.865564309749930039e-01
-2.477011390683027739e-02
-2.582252856181903033e-01
-3.700414123702946978e-01
-2.273100818619110952e-01
-2.019462117741464002e-01
-6.629437079119541998e-02
-3.699039219168196446e-01
-6.987325877499209192e-02
-1.646537564508143148e-01
-2.596153709074736082e-02
-2.812504779353146578e-01
-2.186005399674347816e-01
-1.175837238452226152e-01
6.930719721768952013e-03
-3.895773389854990110e-01
-6.555971628328420842e-01
-6.366121167719819285e-01
-1.356718399574667056e-01
-2.192389097755339522e-01
-5.475540165735142129e-01
-7.033653472734586742e-01
-3.431939062233763105e-01
-3.568670184330781647e-01
-1.544162226161721052e-01
-6.548678066082185278e-01
-2.711505773939273944e-01
-5.190427316530945578e-01
-5.653680627789363644e-01
-5.679675072323813190e-01
-6.789081869274312675e-01
-7.502357856956880511e-01
-7.752755881091770718e-01
-1.093735398531562097e+00
-6.958672144968208739e-01
-8.013716694282086994e-01
-8.424178032985907283e-01
-8.884284337880550275e-01
-1.002833934403870142e+00
-6.396818150525951374e-01
-5.253463410534511269e-01
-8.167547621659054791e-01
-1.084650642995745429e+00
-6.131425123650877662e-01
-7.106465212337010895e-01
-6.775077049654392169e-01
-7.447947728809982681e-01
-1.253124500228517180e+00
-1.006124800474102798e+00
-1.192672564946484659e+00
-8.655798114705377522e-01
-9.953725376302090533e-01
-8.508379261486588296e-01
-1.192856370015035417e+00
-7.306675538029945294e-01
-8.101032155366224563e-01
-7.203084739516927293e-01
-9.375075714593588128e-01
-8.744780936291607354e-01
-8.770136985248122574e-01
-6.459752269916744227e-01
-1.036378784402502307e+00
-9.062518060487276816e-01
-7.775433510330802545e-01
-7.692344073263457371e-01
-9.095483654103780902e-01
-6.909565212566898262e-01
-6.591966913615050494e-01
-6.597960970941413317e-01
-7.001084370738224205e-01
-6.961124464525152433e-01
-9.346525889291077416e-01
-6.226938435567230812e-01
-3.405289005556982884e-01
-3.183365940755419343e-01
-4.881324312384904829e-01
-1.943035916384649453e-01
-1.403973211814573130e-01
-7.359630376626669079e-01
-5.085415410389254598e-01
-5.327825056146663352e-01
-3.436863751389746535e-01
-1.713889146315359102e-01
-4.004087721735423155e-01
-2.805783440012991070e-01
1.385903191043269533e-02
-5.338418543902531122e-01
-1.042697877766260439e-02
3.180683166792331873e-01
-2.070226640826419995e-01
-2.509199689811525413e-01
-4.014184358972623379e-01
-1.259748847357760326e-01
-2.283516636143131662e-01
-1.099420505342874610e-01
-2.828245604984596651e-01
-1.756103061048928660e-01
-4.338447572217790649e-02
7.751969329569778633e-03
-2.203985101272669944e-01
-2.817972405018343007e-01
-3.998460209977875573e-02
-9.962748252610614808e-02
-1.491351339885940708e-02
-4.510168368037825726e-02
-1.041623155175106508e-01
4.884533991848644119e-02
-1.362968390672111840e-01
-3.277786830231599335e-02
-4.376225523325947275e-01
-1.550160835369405188e-01
1.773917634099401175e-01
-2.905801954537173826e-01
-2.753004450761879496e-01
-1.119757968667345893e-01
-4.276482395218619281e-01
-4.627040986180025461e-01
-3.515212792026473632e-01
-2.377149077905974794e-01
-6.415334817045577065e-01
-6.355813931571636655e-01
-3.801433149236244091e-01
-4.446816996042834980e-01
-4.481467942490807155e-01
-2.229237887953443575e-01
-5.994634596197083720e-01
-3.227411910079462931e-01
-4.888414998988247495e-01
-6.995015520239290518e-01
-4.787550735753717812e-01
-6.803692768714619810e-01
-6.998267847501755679e-01
-8.766415165425948119e-01
-8.102450227020761009e-01
-8.686150640082195284e-01
-8.559183007839633595e-01
-8.768034836172546864e-01
-5.992765991439347184e-01
-9.129121143497080926e-01
-5.583471278126391768e-01
-9.090024925003467038e-01
-8.430729216120991243e-01
-1.120500443814083091e+00
-9.357896318756718790e-01
-5.144949529328955995e-01
-9.588274603046138544e-01
-1.066946284885566421e+00
-7.999636283598877684e-01
-1.144944675099909270e+00
-1.157910501521531188e+00
-1.132358418388186516e+00
-8.681596320735173178e-01
-9.563106455709070586e-01
-6.707412064213005287e-01
-8.889943114283027636e-01
-7.668393900360036541e-01
-7.957994674611167385e-01
-1.173904909492415882e+00
-9.124994067286299471e-01
-9.458653003326866759e-01
-5.084758031621425811e-01
-7.521017539993999357e-01
-6.815685767057865219e-01
-7.377069364562567344e-01
-3.819147922475092938e-01
-7.697536156910764760e-01
-4.551995642258832575e-01
-5.687150093738174705e-01
-6.765820889788409787e-01
-7.050067386501170930e-01
-4.608964129591356373e-01
-4.571209491228064303e-01
-7.325993803977381980e-01
-4.486261389642908215e-01
-5.515446591138288834e-01
-4.685885518392707283e-01
-6.009912409892738117e-01
-4.346082466154731483e-01
-5.565368151880982772e-01
-6.307453696238396468e-01
-2.291991226027194350e-01
-5.050068641840665951e-01
-4.406369005961664476e-01
-5.232297039548836626e-01
-4.953117294322040842e-01
-3.825574221665153374e-01
-4.093525114687653899e-01
-2.000010587253150951e-02
-4.984233524920586578e-01
-2.820510529956916090e-01
-2.834937044535980055e-01
-5.274821777528446165e-02
1.393385733936228221e-02
-2.093758342415376617e-01
5.110928785923951612e-02
-2.354863707901447278e-01
-2.436806446455209163e-01
-3.730755728123539838e-01
-1.681696752193007766e-02
1.497936072106913763e-01
-6.048970209210249860e-02
-5.021381967365747684e-02
-1.411119648416518657e-02
1.570536451667629563e-01
1.423532563548517704e-01
-8.588183762808360155e-02
-5.258885299037285854e-03
6.447562986537294649e-02
1.791633660296964581e-01
3.489799211362267783e-01
2.949287434398153440e-01
1.813861204448755926e-01
3.648788916097182033e-01
3.761939137998135951e-01
9.963853093041474818e-02
2.850555950216088763e-01
3.576133499989462283e-01
2.800369666102261457e-01
5.265035587675758189e-01
2.504139743577594723e-01
4.709003615139804033e-01
1.434022129037224591e-01
2.112431527683729937e-01
2.608762263218541433e-01
5.861752109299291913e-01
6.446412694667373877e-01
6.456832260846785410e-01
9.863469127289814509e-01
3.262895463380684480e-01
2.883741713109105875e-01
6.451751726858258040e-01
7.379725328343037516e-01
6.455784053585276183e-01
4.285750736154638196e-01
6.034893617701597712e-01
6.300252953072577045e-01
5.704638813719438151e-01
1.001242541601781832e+00
5.579717273078195205e-01
8.717624825809121569e-01
8.848974067880681638e-01
4.802180972987330487e-01
6.569947766253578791e-01
8.112248787753295609e-01
5.783570910237122442e-01
9.298322738650839359e-01
1.113361071448318418e+00
1.207218092734155368e+00
1.020877538233498916e+00
7.923625333387115388e-01
9.497164228150409837e-01
7.245021821813699692e-01
1.242642049134955462e+00
1.004764366564706579e+00
5.073724980278562224e-01
1.297979691003732672e+00
9.610578559935787357e-01
9.251783626922914783e-01
1.150731340754685306e+00
6.228974210779798515e-01
9.801636632398504911e-01
9.369220668221674986e-01
7.347188181202405355e-01
8.693308261854025831e-01
6.045398449828059961e-01
6.582165921456618607e-01
1.113273163823728762e+00
7.223518615299855394e-01
7.365814708057412119e-01
4.806437958831853985e-01
5.595349394047118841e-01
7.260297676851932280e-01
4.289949173807615646e-01
6.561554189923781699e-01
6.166789838898921738e-01
7.459139525831649520e-01
2.890636966055850077e-01
5.379203633513602867e-01
7.897277377390594655e-01
5.098802578903306459e-01
2.262175684976288070e-01
6.265866204443033549e-01
1.387945727051746181e-01
2.471676530091626578e-01
5.081715264632111762e-01
4.103515385436657947e-01
1.644123743465555065e-01
3.092990099833977657e-01
4.022319484023418878e-01
1.127450097178018806e-01
2.716463806110322454e-01
-7.063127666622426304e-02
3.167390476696895774e-01
3.956854402001577786e-01
4.079584084998689186e-01
1.532518937431235073e-01
2.369375918151965243e-01
2.940261803597825629e-01
2.425561388927782447e-01
-2.365054837955538336e-01
-5.522002556240133142e-01
5.156426196254277894e-01
-2.472502631428284414e-01
-1.447621765831385576e-01
-1.102392972407852112e-01
1.827931098159045475e-01
1.745556395439711583e-01
3.248649273130312931e-01
2.944765131792975721e-01
5.081682902277443459e-01
3.198271760783530926e-01
5.978000742126503564e-01
1.171835230632105873e-01
1.626026042330584453e-01
6.394128637025604522e-01
3.953641858332666015e-01
3.742413968516408174e-01
-1.952137024925338915e-01
3.403469689996004854e-01
3.100870060324080191e-01
1.572293611962557458e-01
7.807177618903613503e-01
4.731831793891787541e-01
3.107930336954226602e-01
2.466002273282476009e-01
3.555748174938340722e-01
7.126739949896550019e-01
6.251832483515840089e-01
6.634826871724551767e-01
1.016996266003046934e+00
6.972914582330638211e-01
9.424454577139120826e-01
4.674421233783321306e-01
4.970800213741718432e-01
6.628046526872966027e-01
7.520142993627754180e-01
8.963392086134891468e-01
9.490605160754757019e-01
8.993312427196463732e-01
9.330742513803249594e-01
5.442472963765834226e-01
6.596865513993805941e-01
8.429001921426368948e-01
8.807627179626565939e-01
9.236487791106698930e-01
5.093463056348997986e-01
9.267036041830065685e-01
1.276091884782141639e+00
1.213632955062184049e+00
1.028169039596329437e+00
4.810788231841233165e-01
1.634030579005151029e+00
1.058502197507051656e+00
1.171062356891428013e+00
1.071020532943770753e+00
7.416078750162437005e-01
4.623976835219892889e-01
1.149184950314878995e+00
7.779423193735104380e-01
1.028600708879445325e+00
1.136354112339768463e+00
6.674069465865825057e-01
1.028543421814628767e+00
7.053885714468203227e-01
8.549004365661069249e-01
4.789253405193458768e-01
1.011279833404944872e+00
4.100359567990939924e-01
6.175159494798985182e-01
8.012825778658929643e-01
1.887091102942565213e-01
4.516393653764770866e-01
7.673534022187096237e-01
1.126814922115998652e+00
5.386522486394653697e-01
6.111734718640066122e-01
4.851291014673678736e-01
4.217710929787800156e-01
3.951696437114654570e-01
2.995658871666420087e-01
3.168888890275464720e-01
5.342232913166677921e-01
3.186598656715086131e-01
9.228733558811552662e-01
1.131948317547548932e-01
5.887378459226277894e-02
6.740683555871862520e-02
4.796036466834178169e-01
3.509925245367016000e-01
7.405526805313930594e-02
3.314519417529631085e-01
3.445470750335992705e-01
4.164595786191621629e-01
1.420730387826740770e-02
-2.010825971612758001e-01
-3.011228596062384688e-02
9.438981723533167167e-02
9.405685101095367928e-02
-6.190746155957582014e-02
-6.793740993963549857e-02
1.265364579525600497e-01
1.189512878999796353e-01
-3.588843445869754900e-02
2.057815584629713035e-01
3.117619992684888541e-01
1.734584771186143959e-01
3.432604119678530075e-01
1.849526840047950593e-01
9.187804665995706610e-02
1.415040571806396308e-01
1.137694411459234251e-01
-1.146465078572196372e-01
3.880668183244224689e-01
3.248983728971856499e-01
1.264566297353726942e-01
1.547054791253849038e-02
3.539360843278246960e-01
2.435658454247755511e-01
2.367379974599882475e-01
1.823213541726610432e-01
5.179612240547577517e-01
5.620208132380476451e-01
6.510265017090441919e-01
-1.105174457530594401e-02
3.631080296675558428e-01
8.691421966658925413e-01
6.775074027334723192e-01
4.568903464383584634e-01
7.389082100050614610e-01
6.125395494141581132e-01
1.040366752831047403e+00
5.259111524920313530e-01
8.644457708824967446e-01
8.859886727055489297e-01
6.998851300684376664e-01
6.834488099594649979e-01
6.740766199823321481e-01
8.626415736326179529e-01
5.290453872476603703e-01
5.923910702885517576e-01
7.960095416045704919e-01
9.195056631055469332e-01
8.643291687281133839e-01
9.048462011376345870e-01
6.012754964122999368e-01
8.912950449180706558e-01
1.131957445597784107e+00
9.008169415919522471e-01
1.080879906883146502e+00
1.262569895246877572e+00
1.131764727627704303e+00
1.014474418339975870e+00
1.178177094517425472e+00
8.436040409701859311e-01
1.045725944405609953e+00
1.241400051301841057e+00
8.564265767586259903e-01
8.783473448433720687e-01
9.860945093515866011e-01
7.711235727106162674e-01
8.071207066089315374e-01
7.177191629199615175e-01
4.223001298394998271e-01
1.606765117961395095e-01
9.426486889783105561e-01
5.435889340565058792e-01
6.271697339628157231e-01
6.447666595020121738e-01
1.994963175809142952e-01
7.566218671099246285e-01
7.190662316008493704e-01
7.888463307812425551e-01
3.579967627403644048e-01
7.799427097471701709e-01
8.053876206128502968e-01
2.962177581067900745e-01
5.371405103551563087e-01
4.140783166132934179e-01
5.000522619522321799e-01
5.006421010482061673e-01
1.607228745300177675e-01
2.488216874510933430e-01
4.471426826136505328e-01
5.643513224990152066e-01
1.006389367076954700e-01
-9.347851993204492338e-02
5.097730767185505441e-01
4.114027695619564273e-01
1.459365624688346852e-01
8.097158314874391971e-02
1.527186531657247770e-01
9.571898520425223267e-02
1.881240381086984881e-02
3.415690729552361971e-02
-1.606168403234600195e-01
2.216614344277182402e-01
-8.783913021818574862e-02
-6.651311785037247737e-02
7.849701368405670454e-02
4.870827024277741280e-01
-2.779344651803972166e-01
-3.118273423049451876e-01
-8.177102314535431016e-02
7.142489149833049222e-02
1.575882138255714215e-01
3.671843064440322157e-01
1.861469937007940723e-01
3.154084802504900087e-01
6.003913822777756648e-02
-5.071551456928025114e-02
1.912605386921890360e-01
3.168634917744853063e-01
6.062469013845501742e-01
2.779341929644827403e-01
2.863886084020914047e-01
2.906436871570881042e-01
4.196323401091522909e-01
6.411675884869931785e-01
2.774075153904616009e-01
7.218336676103043192e-02
1.699074798611247550e-01
5.727228800184223090e-01
3.969024313225579248e-01
6.737789976987866858e-01
3.528112425673832764e-01
6.408006688585627941e-01
5.782428796464703646e-01
3.238757017290476714e-01
7.824165197255847914e-01
6.236225189140490732e-01
5.461171616705742249e-01
2.596071418602446390e-01
7.309857826418860727e-01
4.617806085390330217e-01
6.811320850902307100e-01
8.140445422156502575e-01
8.712566805473404008e-01
8.368282626730663143e-01
9.035415381373987920e-01
7.407462946942436899e-01
7.471843909190699629e-01
8.589039302430501177e-01
6.303397799233625420e-01
6.693714916627970801e-01
9.359586311634411349e-01
8.816934945054594186e-01
9.712671865182423980e-01
8.658780623791665354e-01
1.034345522294393360e+00
9.862797877274660507e-01
7.256495164881964222e-01
9.133608411335621957e-01
1.004373674971325459e+00
1.251780900544460895e+00
8.586012147449247900e-01
1.174931895528655845e+00
1.074064964945246059e+00
1.076392416638474625e+00
8.833504647266968712e-01
7.590816147688298487e-01
1.099939778640078636e+00
1.109372434126243423e+00
7.023470034540979512e-01
7.837776900181729900e-01
7.631265095439875301e-01
6.923923527043066573e-01
4.519470008347108991e-01
5.439132716049771554e-01
6.834363554400717522e-01
5.554744891255822825e-01
7.196613757220571284e-01
6.595422777554499350e-01
5.207422551332417937e-01
5.027179266459752549e-01
4.509383449572789138e-01
4.718354910788815637e-01
5.175102805591182964e-01
6.008181088479710441e-01
6.400321198886318452e-01
3.436809583202091178e-01
2.856169710073411805e-01
8.800390555278286842e-01
4.520248943178028500e-01
1.220274257738964974e-01
6.086721950315434615e-01
3.676503892747277624e-01
1.023648732150684582e-01
3.308646195904335618e-01
-1.616573526554665463e-02
4.127825101401176866e-01
9.568891351950320479e-02
4.494666841435498994e-02
2.021344884738158765e-01
4.410600858397836777e-02
-5.941546962533073017e-03
3.663193925173297005e-01
1.490817659243378890e-01
8.403163554681160330e-02
5.886272728912959884e-02
-1.463127194443117687e-02
-2.115306145827357265e-01
1.137223591100924858e-01
-7.684729175320728634e-02
1.488778455705987713e-01
8.285959193380054710e-02
-3.290990076754020111e-01
2.773879152659206593e-01
3.097488154826275597e-01
-1.740639263735863085e-01
3.005064409093483047e-03
3.970284965744139694e-01
3.636139550757097605e-01
3.181101359102951331e-01
1.621355014406622441e-01
4.985016423311094957e-01
4.861033803879382109e-01
4.120901247302053427e-01
5.823307628514879930e-01
5.201374213502742982e-01
-1.885725361810786094e-01
1.103216832021416405e-01
6.704052406125255992e-01
3.434327878257795175e-01
2.705845946732951535e-01
3.424237680127681371e-01
8.567009082880250315e-01
3.920461732537873223e-01
5.241330568896538367e-01
8.680302941272810546e-01
7.858189660051108083e-01
2.690157475219953631e-01
7.621710963193903954e-01
6.030682448579198773e-01
7.816219495408802675e-01
6.612474704611641663e-01
8.690189076449520433e-01
8.227666527351106263e-01
1.095846433364414008e+00
7.724363995999988797e-01
4.127462158312008023e-01
9.237533911916863127e-01
6.333923705883357513e-01
6.473080374693358507e-01
8.850879066137627982e-01
6.627668072658982057e-01
8.859917124006079225e-01
1.320972310402470651e+00
1.032957425575862231e+00
7.867488708847826251e-01
1.166038908474615887e+00
1.000803729720837643e+00
8.319492473918450592e-01
1.298474568638022131e+00
1.133652740401029924e+00
8.983840042396130654e-01
8.504463302746763098e-01
7.560403925380861923e-01
7.152270389254398175e-01
1.041185865215310313e+00
7.406245775047985980e-01
1.003339775969962044e+00
7.308586025349225190e-01
7.606409845128982994e-01
4.701518961077860159e-01
6.401609359639547359e-01
6.675794572189602816e-01
4.693763625790022820e-01
3.446085347851962077e-01
6.611023991335258643e-01
7.908834234785606654e-01
5.913589978863741381e-01
5.799794133394408080e-01
6.022734818233764775e-01
6.666892130977045694e-01
5.185773385538772207e-01
3.653199216422023943e-01
7.285462662919890420e-01
6.611839895319384652e-01
7.696256126947018661e-01
4.803328657813468738e-01
1.649904143271541113e-01
5.730682147587207176e-03
2.563514194404481472e-01
1.282760846063303872e-01
1.620226934645612737e-01
3.804189390136915039e-01
3.945123172575242809e-01
-1.549776235814182002e-01
3.205916835947894006e-01
1.588405506437123582e-01
5.380556754027570054e-01
2.078105854839916167e-01
7.010009740331873962e-02
1.656511603835995605e-01
2.018074946088710964e-01
-2.346512620517980652e-01
-2.174123194308233420e-01
7.116349656409812208e-02
-9.361221549777429263e-02
-3.363131152723903838e-01
-1.756199834640102542e-01
-1.325472989523449052e-02
3.718357776199519155e-02
-2.535485332495540090e-01
1.044381176156934932e-01
1.096793215879847405e-01
3.058730366302416237e-01
1.104809316994973395e-01
6.314728379513018242e-02
1.384809561533302535e-01
4.388388095611917006e-01
8.899671718928572894e-02
6.899085493627848953e-01
6.231176877638422429e-01
3.337801740327037137e-01
3.468359493189627774e-01
2.466176436791714111e-01
2.926217286345124124e-01
2.360667580249425079e-01
6.555450973455920760e-01
3.070729609339561961e-01
4.561645120431163103e-01
2.166575413210898304e-01
7.981974967386682440e-01
4.342972907613511513e-01
6.679124783527796705e-01
8.985085172054050329e-01
7.564507900947496921e-01
5.297676162584074033e-01
3.211617747146757185e-01
5.050108711560596930e-01
8.097934211095603185e-01
1.360591051579238098e+00
8.851236612654391767e-01
4.973594953101745375e-01
4.591140708510215718e-01
6.420011692165346062e-01
5.723085079464553804e-01
7.040691606994045060e-01
1.186592077103122200e+00
8.320148803415026162e-01
9.702861230247649127e-01
7.217661804413390003e-01
8.322287873303442218e-01
4.540751564272295648e-01
1.072440857790448954e+00
9.195364579097042856e-01
1.114342847015187710e+00
6.017840049982505768e-01
1.184242181180406472e+00
8.790378117172999994e-01
9.514436016643127436e-01
8.450007694387015045e-01
1.031460883266862139e+00
1.045007392701779336e+00
9.922029161999454949e-01
8.569284736611448849e-01
6.896301838102740778e-01
4.994745008270997655e-01
8.275562771781482807e-01
6.052522784903868747e-01
9.983742098122743158e-01
5.228958395884683030e-01
5.536315025269075152e-01
7.959181950540370476e-01
1.191831234636914205e+00
6.727076449980435857e-01
1.007698590546100004e+00
5.609438041001207909e-01
6.609984853811277095e-01
2.739008125932721471e-01
3.568690763840836055e-01
6.059194355560458822e-01
2.817257696148938728e-01
3.450891236663864992e-01
2.155358556565281636e-01
5.873755436876085811e-01
2.203448703309470180e-01
3.561547499079815715e-01
4.070795076919525579e-01
3.105329378993511025e-01
2.497713511691367350e-01
4.482907357786702351e-01
1.902802584101665750e-01
3.255627945460189965e-01
5.419978379886655206e-01
4.721486176597060602e-01
5.973052210503906889e-02
-4.992124193214753092e-02
-1.167626741345638985e-01
8.058761506234868310e-01
-1.248125632608406144e-01
2.423653572927816913e-02
3.383587447626413280e-01
3.224458031723879126e-01
3.693333008363490488e-02
1.865547169287741780e-01
-1.815248575583796042e-01
1.013103166939411520e-01
1.295339686523758749e-01
3.980120459353841955e-01
-1.465842017631532879e-02
2.845013239667973370e-01
-1.983832391399535933e-01
1.191940621425362778e-01
3.717537047607616940e-01
1.634225119816590244e-02
-1.313875777858067584e-01
1.512888933873590691e-02
1.723487669103836994e-01
4.071442608509102667e-01
-3.089496252750814076e-01
3.294121172533516217e-01
5.428509655111415366e-01
3.998542082424548783e-01
1.818557647353220008e-01
4.023766490212097868e-01
1.355571140353044324e-01
2.530551971541239453e-01
5.463615863332247358e-01
6.231017907839725423e-01
3.464644048005789956e-01
7.738906383689223567e-01
-4.415231227136662273e-02
6.450000669160678157e-01
2.973577361075467884e-01
1.023858711177738634e-01
6.759205758509506667e-01
5.043658000800100849e-01
7.155861733438978467e-01
7.862646650040536755e-01
5.838276177261810806e-01
5.946175156912274495e-01
1.078569910553454081e+00
3.529771148638598532e-01
4.494752219494496104e-01
9.504635282195947887e-01
6.709347928112050496e-01
7.577616005367686647e-01
4.161221786551397295e-01
7.354680098277193157e-01
3.933746177820668377e-01
9.579844027483870317e-01
1.199093834174394857e+00
1.234033705189077512e+00
7.638945929188457606e-01
7.349085906731969153e-01
1.138514124367610680e+00
8.644066798735008383e-01
1.164131667165751782e+00
9.061687263994714359e-01
6.683994233552292830e-01
7.290791196397894414e-01
1.099041412162313103e+00
8.948671365600544547e-01
1.203291660981203215e+00
9.692504657447866823e-01
6.942916016135765034e-01
7.341607987611062924e-01
1.299442802487989601e+00
7.981414523450083287e-01
1.143174081350085025e+00
8.941845238652678107e-01
8.447797235302871854e-01
8.612161416681798354e-01
7.232439550848742682e-01
8.747052174645788547e-01
5.286527275466327280e-01
7.821986516855176097e-01
1.204264782390595867e+00
5.743915420653383785e-01
2.751903731986776735e-01
5.469991023626423754e-01
7.432298132145326308e-01
8.206758294357249239e-01
6.216625452275921226e-01
5.118902733181688314e-01
4.990967614909721517e-01
3.191244541136889490e-01
7.242044914650183074e-01
4.172890738092508989e-01
3.783320536053799144e-01
2.103206280870329459e-01
4.226284270002563792e-01
4.443842246690665743e-01
4.182075224733150520e-01
1.875610027737421581e-01
2.400789935609272951e-01
4.217940564523391389e-01
4.633371432003384749e-01
3.688478112022025579e-02
5.545571074059461036e-01
3.219027199812614093e-01
5.385706780087928802e-01
-7.170932930359724677e-03
1.367949008656029475e-01
-1.916250048554686281e-01
1.002949083560046584e-01
-2.635897576110398099e-01
4.802732751678945866e-01
-9.689938279332252491e-02
2.990023454002067593e-01
5.786461997161589099e-02
-1.845656958232383960e-01
4.235638266233934246e-01
-9.588715384563040178e-02
-5.452665121771782530e-03
1.088107643879382413e-02
2.150388613394305926e-01
2.384718121503153487e-01
9.371510777707409146e-02
2.603804449059253789e-01
6.218158531288932034e-01
6.280916213899356837e-01
7.749639340402474375e-01
5.784316795835837688e-01
1.360235957835260467e-01
2.124851626368055857e-01
4.697677960726593382e-01
6.299813165836893880e-01
3.099686380962330401e-01
3.088150968109433236e-01
5.204811412218184330e-01
4.263442339828977801e-01
4.532533047541981164e-01
5.355914551649492150e-01
3.262802500794283467e-01
1.099957463414114045e+00
6.135563838318365271e-01
3.618966847335388093e-01
3.545403512728416140e-01
5.258051895036288670e-01
2.734949605046843590e-01
8.306521524299490533e-01
4.680722955428260335e-01
6.076240066237077464e-01
6.439370948405059858e-01
1.006795125958259485e+00
7.833525561800867010e-01
2.534141043029728424e-01
1.156148688039522643e+00
1.024290873155190518e+00
8.818873734882972659e-01
7.507396198102926910e-01
1.076598108858443981e+00
1.429176492683120525e+00
6.998037858936324573e-01
1.009136781728581900e+00
1.012139025322416286e+00
8.065886419263016416e-01
9.005904761776298839e-01
1.237048085103336970e+00
5.902867169026191352e-01
9.462000049235955723e-01
1.063604918727167892e+00
8.408432291753201726e-01
8.599917075842284930e-01
1.019207497530585149e+00
7.148398642439186546e-01
8.181197642001127868e-01
7.614858523416866420e-01
7.470811772288102892e-01
7.076137545186185207e-01
7.964838828479301469e-01
9.815022535294712913e-01
6.508670473771278608e-01
6.765427925651970043e-01
7.825850636918956216e-01
4.925259719226404709e-01
2.323851398860639073e-01
4.888856550841170212e-01
5.056903488195755303e-01
5.198449856613341913e-01
5.313434196967349310e-01
5.599888128608628834e-01
3.996796171584731105e-01
5.154601392831231754e-01
3.882775938393478454e-01
3.845355974829988699e-01
8.773135160676950317e-01
4.140414689994443287e-01
5.345297600025851192e-01
2.181538228492727050e-01
5.129014985681853434e-01
3.942111585618752745e-01
1.178361358196519382e-01
6.369652930112645883e-01
1.394110523397378010e-01
2.373708264232533005e-01
3.238860835040784369e-01
8.868447224144507257e-02
-1.456435015879806172e-01
4.827431694169990184e-01
1.343099438595291018e-01
7.532799762052386217e-03
6.086722007801621537e-01
-6.809299493180598351e-03
1.889919832484500684e-01
-3.604991039088484284e-01
-3.356092771260034691e-01
1.938408490992925559e-01
-4.031624537356976595e-02
1.376455589215923314e-01
-5.974647627891432888e-03
3.899625721923865029e-01
4.186703458837466862e-01
2.793509240527037862e-01
3.496535555843917065e-01
1.263831931442394862e-01
4.138715768615548463e-01
2.028124379124515708e-02
1.305268741619872164e-02
-5.492530491214048238e-02
5.220589532742920813e-01
1.401128711812210381e-01
3.876452041464467091e-01
3.861258246205335753e-01
5.618471956429808012e-01
5.187156854019849828e-01
2.067277893443842662e-01
5.687479812377151944e-01
1.939169771676250154e-01
3.726184617916696862e-01
3.435954661359211793e-01
6.163729230305646789e-01
7.492594911015594272e-01
7.651133129866880545e-01
4.498418887091114593e-01
4.942183106781149471e-01
7.280857729169323278e-01
5.609332669004476468e-01
5.714394750692215474e-01
5.456267220017008146e-01
6.478051539217378751e-01
7.558663536804398619e-01
4.988998998798593876e-01
1.038679416842235081e+00
7.297888392436228111e-01
8.222897706049501210e-01
1.030023929497750013e+00
1.248754078581719273e+00
1.074111317257067100e+00
9.203134021812269250e-01
6.303171646916058135e-01
6.620104320319256663e-01
5.868274502963874983e-01
8.863628835185591859e-01
1.189232759960387131e+00
9.875540620560744332e-01
1.199146638983671354e+00
1.016162340452913426e+00
8.436779662355637921e-01
1.112230949374283684e+00
1.311342350676455881e+00
6.978640743147546122e-01
9.009907815813367193e-01
5.543512010619509045e-01
9.189881549555632967e-01
7.811938607009107916e-01
6.256357273961259402e-01
6.590170658060285902e-01
1.211001002425297290e+00
2.744370323460801342e-01
7.957845125321405533e-01
5.169375242787969116e-01
7.341625182993549714e-01
7.550561197574492400e-01
3.417773729200618282e-01
7.593109734974664571e-01
3.762756449154357474e-01
2.610875191704882248e-01
7.917077468521624972e-01
7.024581093799660003e-01
4.133835015522783207e-01
8.832111417190475766e-01
7.468273966638760974e-01
5.689065278220711841e-02
7.230220647536786949e-01
5.839758548015085982e-01
5.003518879177046852e-01
2.416846469599852609e-01
6.335592447951403638e-01
7.003906428986581556e-01
2.268673332745765325e-01
3.219250903667261188e-01
6.985378555614603080e-01
3.019024097456088351e-01
2.196872619926081849e-01
9.339160953319269876e-02
4.620300086909363557e-01
-2.050559716794489451e-01
-4.742239222917357666e-02
8.617054608863540521e-02
-6.208930083771058150e-02
8.782148590233318508e-02
1.354449085123471952e-01
3.364762910132713114e-01
2.357267619941265102e-01
5.992673482892812292e-02
2.573680014111109360e-01
-2.203924589536200851e-01
1.341510159338853703e-01
-4.156625693473536831e-02
-1.851134034423610464e-01
1.354554676859544282e-01
-8.336328965133954494e-02
-7.364323301273212330e-02
1.074583652898806196e-01
-5.509638248368237123e-02
2.344122323738777325e-01
2.522869553530721065e-01
8.033777822338494801e-03
2.310726581813993541e-01
3.225984453869326640e-02
3.437584531206266947e-01
4.214524509787013762e-01
4.841216413616906689e-01
1.420256653996241902e-01
2.734459895458547507e-01
-6.873771781736276454e-02
5.624614619532903870e-01
1.546963571432917184e-01
1.651119093524913706e-01
5.896717423999825458e-01
1.244220563205853947e-01
1.949279761484312146e-01
7.554924315347560926e-01
3.413762165151675854e-01
6.867144879147547565e-01
6.357877633480293333e-01
4.226378418031850881e-01
7.093396417458974756e-01
8.329332556304452906e-01
5.696190734439872116e-01
9.865074538899125667e-01
1.133973041718396857e+00
4.539665321813974308e-01
1.095733037927378417e+00
6.216155028760815826e-01
7.377570711364861422e-01
4.736530945261999137e-01
9.866273614005828252e-01
9.337469480815645539e-01
5.997337128070558965e-01
1.279117066828314719e+00
6.428867124357831031e-01
1.219733936891832515e+00
8.974849781616895950e-01
9.483483736714037882e-01
9.051658759364689111e-01
9.923763416603051946e-01
9.519828001940703333e-01
1.069594991825984387e+00
1.248585145054188272e+00
5.198604227858800719e-01
5.031174805734435207e-01
8.582823988374647106e-01
9.288772043447643956e-01
8.275300946273720371e-01
8.995278303322218338e-01
8.849854501022303976e-01
7.125436194151368863e-01
9.797368000624306905e-02
8.205175667840436393e-01
6.100294902850507128e-01
1.000320483596424781e+00
6.015794867660054779e-01
1.155539525022047709e+00
7.800420957302491853e-01
5.874969608925417752e-01
5.699847037657781446e-01
4.181788225498668243e-01
5.378651285808151439e-01
3.183043638909628381e-01
5.780462528697820623e-01
5.761275698407514190e-01
6.593127699009272424e-01
3.478932671279718059e-01
3.468868433756605585e-01
4.869744002183438725e-01
2.318944111274415243e-01
3.060853005983763531e-01
4.962845339576983927e-01
4.649500422929829790e-01
2.993159411764855782e-01
3.486911346780008913e-01
2.142910706371817242e-01
3.975678913513997492e-01
4.243731955804518341e-01
4.364332665917971532e-01
-2.644132637132923236e-03
6.404753964646985320e-01
7.445788973581810022e-02
2.505480793860921374e-01
-7.208149769468985557e-02
8.880446527108221133e-02
9.921639390757461263e-02
-1.506989725792490242e-02
3.178885432637162389e-01
-1.956903536696329160e-01
1.240958850672517766e-01
2.902467387256799092e-01
-1.344284032592343858e-02
3.573307424198493010e-01
6.681173044268846617e-01
1.003973057902426413e-01
3.680834236382081182e-01
6.363124484082156584e-01
3.910257861119337264e-01
5.415808852427245190e-02
5.697885528652630871e-01
4.208312604138463309e-01
8.683293526084927549e-01
7.302200137677676839e-01
6.209327341636867725e-01
6.494879613377254612e-01
6.567674971398111960e-01
6.807055968079372965e-01
7.497983693285927842e-01
6.273174679444977198e-01
4.848132265527213547e-01
1.089810567543982422e+00
1.008828177573762197e+00
8.910129410017147977e-01
9.532226957460715466e-01
6.765248928065489276e-01
1.193784939841519233e+00
1.044913590265662551e+00
1.003949827581027687e+00
1.271974019727143634e+00
1.295555340040893899e+00
1.298505963939391883e+00
1.541161986795999583e+00
1.778946908725071996e+00
1.397755603029545712e+00
1.294581593883123105e+00
1.675108693490901857e+00
1.553692880754968142e+00
1.557091503433333246e+00
1.888860207127873503e+00
1.558152428932723099e+00
1.959815038558390121e+00
1.783578931292377545e+00
1.549327886664646270e+00
1.653413030875214851e+00
2.168393758758577761e+00
1.707149765889061754e+00
1.775762278176159947e+00
2.117413972430440605e+00
1.878880555987522349e+00
1.946213434416980137e+00
1.569159312952106866e+00
1.998227868713290167e+00
1.695848937032254700e+00
1.878910813200545427e+00
1.832940865843370348e+00
1.674254812187383479e+00
1.969578598669456948e+00
1.713096938982256567e+00
1.617703796308683772e+00
1.652231603501777446e+00
1.589416707134377660e+00
1.613756571127905159e+00
1.588946432418022692e+00
1.022862561115680524e+00
1.473341918929068628e+00
1.213759127866372634e+00
1.208272151207157696e+00
1.596815316326955836e+00
1.568851645194732081e+00
1.168440629236971118e+00
1.209871081144388238e+00
1.181273677206773343e+00
1.075746251935336018e+00
6.484332300098436530e-01
1.314969270661941581e+00
1.141920675495342374e+00
1.216602371341850120e+00
1.170135033731692031e+00
9.900034792040165454e-01
8.288844910149828493e-01
9.664231595225378779e-01
3.525376355388349925e-01
7.223671265493545324e-01
7.179668568792434424e-01
2.603496225254920415e-01
7.752092439427344939e-01
3.558975634423471313e-01
4.305056191404924015e-01
4.331059712393882655e-01
5.802322122487413303e-01
5.134470345115964562e-01
2.537730456423042402e-01
1.356224832012604964e-01
2.902717882284633344e-02
1.413204009137303263e-02
2.574071440983505821e-01
3.760854304571337181e-01
-1.173831706730729535e-01
9.473792021503397998e-03
5.556279858217681722e-02
-4.536087774269774442e-02
-9.042700921880836296e-03
1.766366471723148923e-01
5.113938114104430444e-01
2.479741167994991835e-01
4.444101623292592285e-01
3.075837044067129544e-01
4.082735100039021070e-01
6.505333751123859587e-01
2.644732999702930631e-01
4.851247220441536889e-01
6.958189811074089182e-01
5.138299639747253567e-01
7.071598977138990882e-01
7.982615589003234646e-01
7.716629019967183867e-01
3.319245605244884323e-01
6.657858340101070471e-01
9.628201574120485162e-01
8.951008967940392580e-01
9.205727146310552778e-01
6.474666609120103278e-01
8.266258836814832645e-01
8.557014908723117319e-01
8.506450361273143468e-01
1.254852035505044094e+00
1.236055715961392076e+00
1.303185368638567265e+00
1.005623240677274044e+00
1.211351920541331451e+00
1.073905040403159372e+00
1.722463608792951906e+00
1.488452214741252666e+00
1.524492311409882506e+00
1.292884069742929576e+00
1.125201558775656085e+00
1.470887758936698209e+00
1.859732233668275780e+00
1.467687280787528303e+00
1.411914171584768729e+00
1.708474689377589506e+00
2.124260687199547970e+00
1.702225856119915282e+00
1.934764108189840348e+00
1.673149723289637070e+00
1.717314441706393469e+00
2.170831827746240617e+00
1.873401472028568548e+00
1.934071606023023859e+00
1.858496109268871210e+00
1.938452241696700051e+00
1.755139797173500993e+00
1.945534982238523281e+00
1.865517312650192050e+00
1.722452967362479548e+00
2.033191724959572788e+00
1.963733371572277120e+00
1.930063557059350732e+00
1.312318331551314721e+00
1.691769136836164700e+00
1.590782136541002645e+00
1.831487214265322017e+00
1.702585153184768885e+00
1.621808936707118232e+00
1.644860524987286521e+00
1.481161765982522693e+00
1.542657167884757596e+00
1.168133984838161332e+00
9.417798908318641971e-01
1.268999486212510686e+00
1.154756666118870845e+00
9.543009395444140841e-01
1.214835069918230870e+00
1.130098082842188711e+00
1.013616365570614519e+00
8.895234697590015394e-01
7.220298250841559184e-01
1.251276365556055925e+00
4.941974002199447380e-01
9.037693623166743739e-01
1.065451213660242535e+00
8.694479377638594242e-01
8.348550033493247202e-01
6.298686778983300094e-01
7.562291962128258049e-01
4.979347166351301146e-01
4.736305501658877315e-01
4.649985672018369098e-01
5.262720560014437776e-01
4.463896512956154194e-01
8.936124755948049447e-02
4.623541697191967392e-01
1.122333597421704132e-02
2.887265194036294225e-01
3.985002003903980183e-01
4.712483931722465380e-01
2.749982562313640910e-01
2.932303638455134587e-02
-1.918165889336636287e-01
1.831825199211394584e-01
4.281604050635736125e-01
4.849600764231009054e-01
6.021519919500035734e-01
-2.412218354728069558e-01
4.211096609492737119e-02
3.822568330619288135e-01
1.901205206137782378e-01
3.559928688807350583e-01
6.535476730233633624e-01
6.415687426311630359e-01
5.209395266074627884e-01
2.169648726733939825e-01
3.897246098751313559e-01
3.637724672082048860e-01
9.683146386701428909e-01
5.059513604398105935e-01
9.998531756760309364e-01
9.627024040972780305e-01
7.341686807014180527e-01
3.387476988974362779e-01
1.233346071171184333e+00
9.047661964007438495e-01
1.103827603671368784e+00
8.275803170031603706e-01
1.317100691862199469e+00
7.542229892704126470e-01
1.163970691754389497e+00
7.318101485989388921e-01
1.078497066038211827e+00
9.645333023507154380e-01
1.114899015735064669e+00
1.094453879157998077e+00
1.462363138028643261e+00
1.372468609389272398e+00
1.585537252105295503e+00
1.083403598335800133e+00
1.462152995926075283e+00
1.653289062686888355e+00
1.328108297332127208e+00
2.124143813186876617e+00
1.867837477667045443e+00
1.776212604383933913e+00
1.692153416710852065e+00
1.400841390334154779e+00
1.407874312659745719e+00
1.858076105751255369e+00
1.517627910071595698e+00
1.706595219796843699e+00
1.804488232604773978e+00
1.830902234852193056e+00
1.979043351073801915e+00
2.025760274679840656e+00
1.596564965740592257e+00
1.671854914508108081e+00
1.201729800762413758e+00
2.097406844358062017e+00
1.594624652948355203e+00
1.702844184041384823e+00
1.430265058571340786e+00
1.604982232748775939e+00
1.560993003713044835e+00
1.594685085075838948e+00
1.941178621538455440e+00
1.841169264551998141e+00
1.232461942876941663e+00
1.405318878347482370e+00
1.284002644537843185e+00
1.167227382990585038e+00
1.574196474937087586e+00
1.134090124241268427e+00
1.079029054065222759e+00
1.085668100619942011e+00
1.182539644378318489e+00
7.151148998293013204e-01
1.062587326097588658e+00
1.255319486855845046e+00
1.065283241798220093e+00
5.510007792460620557e-01
7.598898761124198709e-01
7.302914675320778537e-01
7.294015689178665607e-01
9.193774133838438223e-01
5.729561838493830717e-01
8.603621831808599962e-01
6.411923248879700665e-01
8.277590629259610200e-01
5.564237226274083570e-01
4.427559901723021607e-01
3.354755214570422361e-01
1.588625577745138850e-01
6.221678711632371295e-01
-9.108068991086010202e-02
8.811995087930990511e-02
1.820201858021282260e-01
4.497814556445919876e-02
2.745616082208375830e-01
3.147315101263797321e-01
1.933476205756371469e-01
3.605698228659392490e-01
5.738497171079806614e-02
1.385804489162491548e-01
-1.109167868365854570e-01
4.583683704458783037e-01
2.159704080893105338e-01
2.480891934470626226e-01
1.254830880721201636e-01
3.983073811163350131e-01
5.252660150959669316e-01
2.514997505850467552e-01
6.773482587263006671e-01
6.553204962336223183e-01
3.553307127272514743e-01
6.891998250565505302e-01
6.582733885694843634e-01
2.864038803853107273e-01
4.710540431557027619e-01
8.482373588808024278e-01
8.564704436251280306e-01
6.008543417920783059e-01
6.367280986007014532e-01
9.179243185189048804e-01
8.849938981294949158e-01
1.067472390840464191e+00
8.388537838185008422e-01
8.693921423105563928e-01
1.193404454224674005e+00
1.278404236103628300e+00
1.135234128462739189e+00
1.301235416498231823e+00
1.240477640609507493e+00
1.344315619866666145e+00
1.484046393244210948e+00
1.164544862609015352e+00
1.415483854273997810e+00
1.632202793991814671e+00
1.652692954353751631e+00
1.508278284677955439e+00
1.476866695432422771e+00
1.633621658350329797e+00
1.719128236879003513e+00
2.080107834496866648e+00
1.993436783029797432e+00
1.614113091807315881e+00
1.640484143182914245e+00
1.427553740201506161e+00
1.877851522704923726e+00
1.908535556179364434e+00
2.277446808935439826e+00
2.151552225364981918e+00
2.151536474749482952e+00
2.202496858763190790e+00
1.928204375920160807e+00
2.027038286904729425e+00
2.012551796015243699e+00
1.638813395671585127e+00
1.727174519960599453e+00
2.017444179931607628e+00
1.726672540570872938e+00
2.040183040029338812e+00
1.287420426151862030e+00
1.291945891183070128e+00
1.550291313334985155e+00
1.406034564028481704e+00
8.039973787550563911e-01
1.666488861007378475e+00
1.287275324986866476e+00
1.164284507001108970e+00
1.215491592512122798e+00
1.201445555678625210e+00
1.266292468484423894e+00
1.212469702487808831e+00
1.398515608367685958e+00
1.147605028195806787e+00
9.010465820984349117e-01
8.689667495986411749e-01
1.090703860474262488e+00
9.639406246794332001e-01
9.570944460576522594e-01
7.582579468773786857e-01
8.334410659583527670e-01
7.479197811621460801e-01
1.110714379257293549e+00
5.870302026459486289e-01
5.337840879224404755e-01
8.308112927932909120e-01
4.833938427706283569e-01
1.646177969761638549e-01
3.748609356249039681e-01
3.584914736386456968e-01
2.872979971863438564e-01
1.510192263359188825e-01
5.201897843185863124e-01
2.164485751868921448e-01
1.714141750006148157e-01
3.615913088397827435e-01
-4.990406312267234301e-02
1.437826964577869349e-01
7.477487732395877995e-02
-4.408808718268419219e-02
-8.001768701499856196e-02
1.166722492616071305e-01
-1.156430432599362401e-01
2.923263537747163299e-01
5.356365980134003557e-01
3.762469446700663633e-01
2.289047697151547212e-04
4.996430472445093085e-01
4.019467921335382887e-01
5.742945356504499665e-01
4.783999675334422164e-01
7.781238308254680991e-01
5.202997364617848453e-01
2.367773923325901531e-01
8.144066542697727673e-01
4.829091286461320021e-01
6.159997828961524258e-01
8.912975088895265241e-01
7.859686786584285656e-01
8.704989964353437859e-01
1.032806630784633306e+00
7.796363178482674794e-01
8.568631571427748339e-01
7.021413325091332425e-01
1.164019512273636758e+00
1.196385385131938373e+00
8.797178585755929259e-01
1.399039285215657458e+00
9.698411308342127501e-01
1.077798580638610781e+00
8.262698386172844245e-01
1.253004964811384792e+00
1.171632992760381242e+00
1.103488973695534892e+00
1.418786764889220953e+00
1.299123031306229858e+00
1.204348200612323616e+00
1.318347648365949309e+00
1.632615833479029499e+00
1.778620685925457856e+00
1.841674844111611309e+00
1.421374296791706904e+00
2.022161547389737635e+00
1.688377356873540736e+00
2.013230420244041863e+00
1.974524544409458571e+00
2.185251772429621209e+00
2.177267558671771130e+00
1.715987420482647963e+00
2.351455320188500231e+00
2.274040864657121297e+00
2.210158573003987659e+00
1.980089914254593575e+00
1.592950785163451011e+00
2.066403411635017395e+00
1.488461741623437362e+00
1.913323358577103228e+00
1.929038771986843148e+00
1.850297243013925952e+00
1.483584706743847903e+00
2.009070177430108295e+00
1.228637491902758505e+00
1.496980798270724611e+00
1.408651510144982355e+00
1.607189223816999579e+00
1.276466731685938383e+00
1.500212881426854494e+00
1.242998370056997981e+00
1.257682465035760311e+00
1.059805621018012234e+00
1.049232010318594810e+00
1.136529158384022242e+00
1.114391034965399818e+00
1.013575812434645007e+00
1.316864167346603942e+00
5.942712862501053905e-01
7.814735520039524097e-01
9.841615784345552065e-01
1.245034962442919113e+00
7.367446990421147035e-01
1.106247652234001677e+00
8.115327909592430222e-01
6.129014432155337477e-01
3.035463715930736273e-01
5.770203402695766037e-01
4.506927652696706144e-01
6.556094351013922461e-01
3.608936472512650484e-01
2.298195585414075093e-01
2.234901363145147535e-01
4.586861392842922491e-01
7.804221168812597309e-02
-1.243356381771143493e-03
3.457485275963628202e-01
1.803939014060028934e-01
1.679398212275334257e-01
1.545431557820086677e-01
2.413971266657191639e-01
8.346711145611927785e-02
4.201814006329441381e-02
-1.141522437556343472e-01
1.578164246848383634e-01
1.732419182500337107e-01
7.578904200962849336e-02
2.388683888789423504e-01
3.881385948916783457e-01
4.265454363768047541e-01
4.910794912467028039e-01
6.750790355044453683e-01
2.093125546574220452e-01
3.989437020544995827e-01
5.539647446596889235e-01
3.675348137937812787e-01
6.753809583547574213e-01
7.522089583624932407e-01
8.152652290123623136e-01
6.591328780884364580e-01
6.512664361758254694e-01
6.130337993009309372e-01
4.137957712895889428e-01
1.042530308887169355e+00
9.114765975556742283e-01
7.953266057116803456e-01
1.156927177992332911e+00
8.154960685147346622e-01
1.137595791761183861e+00
1.007870055675525567e+00
1.065725208557379178e+00
8.580318556062446200e-01
1.284163670131780899e+00
1.237662969134193824e+00
1.239119421264110343e+00
1.469351356520095520e+00
1.669046502720796799e+00
1.230421001270030956e+00
1.559361472299737761e+00
1.500653839174976412e+00
1.317022407741154977e+00
1.636700217120275802e+00
1.933441632376815766e+00
1.731435361313619081e+00
1.555067832623849622e+00
1.835642892504218082e+00
1.995721572032694180e+00
1.591625192787182064e+00
2.186745219318930289e+00
1.967116377430314866e+00
1.875501882416574784e+00
1.881047019241892881e+00
2.238161212014467161e+00
2.195196875798631098e+00
1.804726892827890561e+00
1.988557985535854389e+00
1.744066165536946045e+00
1.547459377399735603e+00
1.786308078300963276e+00
2.058055028550725751e+00
1.804293941194411444e+00
1.750584152094686541e+00
1.359380728672481276e+00
1.613583231967540943e+00
1.542355037926502304e+00
1.747706064886387134e+00
1.419358592296752652e+00
1.498162634035727470e+00
1.285170090459250680e+00
1.553369343836942473e+00
1.094948038258866552e+00
1.281967881900471173e+00
1.510817240757675206e+00
1.188953715435559388e+00
1.273254497954374509e+00
1.070113485863623648e+00
5.705989872856983558e-01
1.113434352305541886e+00
1.279755518591743968e+00
9.361879035171014607e-01
7.326296961585845313e-01
1.016821477683442554e+00
5.152988358896645193e-01
6.838657515136949971e-01
8.907152659649486548e-01
5.810176744485252565e-01
1.163906304329470398e+00
9.341269634906135266e-01
6.601068539240279032e-01
7.106513145761415018e-01
4.687122756528055434e-01
4.500266147209893708e-01
4.527690823959051314e-01
4.438935476548418468e-01
1.990522287124696088e-01
5.992721988294380520e-01
4.418490123391501379e-01
2.471668820107122411e-01
3.241079142563029758e-01
1.503907497463765897e-01
3.732919539399657816e-01
2.244167529137152117e-01
8.307500222961505809e-02
-1.372461296233668665e-02
1.916816630806533750e-01
6.569419343800522726e-02
3.492150610376787423e-02
2.969745416638872593e-01
2.008630797750186880e-01
7.294140866245152344e-01
3.534747537087539748e-01
6.600438951801808063e-01
6.001298872928626515e-01
6.221807289325811396e-01
-1.027655468868654554e-02
6.310544406339657630e-01
5.097250404182387395e-01
5.170356885632725330e-01
9.699024087358572022e-01
7.981164976363985808e-01
8.333019859045971423e-01
4.611727429563530767e-01
5.966444436691478170e-01
8.659669330501706952e-01
1.109221213550551033e+00
6.397329049410853674e-01
1.261085886126777744e+00
9.370337659343238590e-01
1.154207625726773934e+00
1.067292501549045092e+00
1.305969958999464886e+00
6.486215903081945511e-01
1.531855796606328868e+00
1.151739828001644872e+00
1.214629853385791325e+00
1.421758778211341889e+00
1.165111544951956457e+00
1.722782895162946248e+00
1.538039705886460107e+00
1.360071663613336090e+00
1.437991624355092535e+00
1.325822952230283569e+00
1.627778277134487084e+00
1.572703079085508771e+00
1.799534743137620296e+00
1.676485777517133569e+00
1.910862643173431685e+00
1.831416477005534116e+00
1.581353419940235927e+00
2.219131780882861005e+00
2.178960180433168414e+00
2.089209326661545685e+00
1.939913384433902044e+00
1.830187367521827202e+00
2.077893517588410344e+00
2.127041208759963720e+00
1.407388691126831848e+00
1.521285676008536925e+00
1.485639280329674961e+00
1.806401131107830516e+00
1.239752322086959735e+00
1.661166910146519848e+00
1.318549328636662077e+00
1.364919148851795994e+00
1.341318194900765759e+00
1.514553369084591816e+00
1.204512380284487705e+00
1.268617815443774388e+00
1.609248710425844164e+00
1.441762616687051857e+00
1.628582802665190066e+00
1.232502383871123097e+00
1.357462515314368012e+00
1.110301449140411290e+00
7.704305459316687088e-01
1.256553145613307221e+00
1.500124384751234219e+00
8.556760312439907201e-01
1.385168373712088119e+00
1.330144281744226387e+00
8.801245424583544752e-01
1.264752943850500522e+00
1.146592460075447573e+00
1.127769551681999660e+00
6.964458168326399523e-01
4.712154553813874269e-01
6.640965504378363304e-01
4.180971796359335135e-01
6.023656110376102157e-01
5.541661226846572585e-01
7.845674225666461332e-01
6.434013010486387962e-01
4.164904751265128824e-01
5.203261687931868273e-01
4.640741199130340444e-01
4.565761172145740288e-01
4.780047404025717372e-01
5.082760133904060673e-01
2.321883878438500970e-01
2.661445137481253109e-01
2.902810142256820880e-01
-1.736964583006679608e-02
-1.154146350281669980e-02
-7.107118652226582234e-02
1.224912290021302197e-01
-6.101470803620379080e-02
3.772581542615239814e-01
3.375085714424229666e-01
3.893915217147732033e-01
3.692511336693588553e-01
1.957599203125461318e-01
2.153013550900503281e-01
2.405315315535434539e-01
1.959697366301374477e-01
4.504288186291153240e-01
6.539550705281489407e-01
5.080093930280928927e-01
4.970814734095895249e-01
2.819107774134607669e-01
3.405430739114300720e-01
8.255316906029851465e-01
7.149666529371396795e-01
5.507367819680524246e-01
6.683468013212702230e-01
8.125855485820449031e-01
7.179864570625662523e-01
9.483381520581661839e-01
8.125801565438877105e-01
1.008335640441018199e+00
1.014699496396254563e+00
1.415870936071485175e+00
6.996000954814858286e-01
1.356408166727233411e+00
1.354372601496081518e+00
1.484804655467565793e+00
1.392139943088631426e+00
1.103754537375896350e+00
1.434817110611959157e+00
1.684533949720580237e+00
1.398631712411807726e+00
1.827339167887138238e+00
1.491991689890661776e+00
1.510919719822569895e+00
1.330588967976760850e+00
1.754500282953427526e+00
1.996893442938705743e+00
1.692871614390294210e+00
1.779985626576257696e+00
1.488983964126603832e+00
1.609977275376037520e+00
1.669238419886784230e+00
1.783648550141037070e+00
2.045749331623111456e+00
1.924177050324023419e+00
2.139423905045065855e+00
2.190071142456353481e+00
1.598901248803394015e+00
1.846958497750250450e+00
1.679992427399828125e+00
2.085352672647317274e+00
1.673142779056348006e+00
1.796010908788822080e+00
1.999960149348139371e+00
1.409634012980748752e+00
1.522184755202564688e+00
1.226664043714333907e+00
1.579044952434722981e+00
1.301615867035811780e+00
1.316402021185676174e+00
1.343526478326986240e+00
1.125103243909600703e+00
1.400344684183095323e+00
1.539276522635672828e+00
1.067734185922227796e+00
1.150192789488783562e+00
1.182252300079808416e+00
1.343661798866915724e+00
1.167612900962064604e+00
9.063618174834836561e-01
8.737597628199147426e-01
6.915441784830484995e-01
7.451486394033955962e-01
8.558005170796072480e-01
9.291817241299931140e-01
7.665527667211476937e-01
7.625537768027242924e-01
5.371079324175640490e-01
9.051801726813344384e-01
7.554202486786011361e-01
4.854164602083917979e-01
2.155689885168526887e-01
4.696948368457904421e-01
4.306911784462296167e-01
4.348190255133681514e-01
2.404300937354622580e-01
8.240084049166768176e-02
4.755144327123914660e-01
6.233925315997798644e-02
2.963370028479618834e-01
5.266565419579150031e-03
2.449004990291287209e-01
2.910961946692032787e-01
4.373037067038612613e-02
4.931323665491643693e-02
1.230223461083863185e-01
-6.853693886136613678e-02
2.292542529845018051e-01
5.582710461035880201e-01
3.949112827338098208e-01
1.878996055796446352e-01
-3.959568929063300713e-02
6.756024758548553333e-01
5.489442697528394977e-01
5.091474771509496566e-01
4.262128377098839960e-01
3.562503038900679542e-01
4.671448058463525399e-01
5.773317712602238361e-01
1.114288195824813199e+00
9.634675727092540942e-01
8.687181157149003186e-01
6.126623992236345240e-01
7.930021078424146497e-01
7.796235138316751634e-01
6.827224367780706515e-01
9.496915118708351145e-01
6.030440157796721490e-01
1.160950263378563108e+00
1.096832514261799840e+00
8.371287325108419664e-01
1.034352953846496614e+00
1.363437047819256120e+00
1.100947671594971977e+00
1.372941465093650670e+00
1.532018549273254537e+00
1.506856477055842358e+00
1.908459139350627165e+00
1.066294416778673648e+00
1.374937547066596766e+00
1.306180591222414922e+00
1.785276167673934822e+00
1.740859097171836734e+00
1.584725269549693172e+00
1.568429522175069257e+00
2.040240610094043561e+00
1.846849258254829484e+00
1.818256715158263592e+00
2.079915462264477544e+00
1.920575088841883549e+00
1.488619159010312387e+00
2.259687885874491986e+00
1.957381610586236054e+00
2.101447148034535140e+00
1.922581129139635303e+00
1.979734240719722260e+00
1.975572675908702225e+00
2.019449228675497476e+00
1.889518813861800872e+00
1.966863829290004473e+00
1.697381991289081737e+00
1.663022136368864201e+00
1.684031601096942499e+00
1.829208697869668221e+00
1.676232482686679681e+00
1.118440920372486547e+00
1.396993304418031823e+00
1.433424064415988575e+00
1.348011465753430560e+00
1.653591019953260854e+00
1.487401476318537030e+00
1.152363418705111497e+00
1.404485530849517660e+00
1.251814369036843955e+00
9.799569933861618232e-01
8.372723162985075129e-01
1.402425100020130877e+00
1.166530121254754748e+00
9.308190104282815236e-01
1.002723598940620686e+00
1.178864537306489435e+00
9.079281779744425851e-01
7.976767511674602851e-01
7.252526743248450813e-01
8.946773742707616606e-01
1.005073823300123070e+00
1.193261263371483860e+00
7.118969674295546612e-01
7.655128146309663206e-01
4.868183375310383698e-01
7.225202257990592791e-01
4.204253301347961047e-01
8.239738078673204402e-01
2.020111881825542299e-01
2.640190852271482314e-01
8.134246979336411387e-01
8.813458952940098623e-01
2.030922483143108304e-01
7.487133752978458734e-01
4.148587720256856626e-01
3.298805800581132708e-01
-8.434205913983972014e-02
2.106607685367455352e-01
-7.930810919451908303e-02
-1.041300991547764732e-01
2.261198221204031578e-01
3.527134081256385612e-01
1.305454785033702547e-01
3.637336982873580205e-01
2.393140515198906859e-01
2.320319335136631078e-01
-4.880147018482695054e-01
5.187009272206507537e-01
4.983216707711540794e-01
4.988440763702294278e-01
2.956546775759344436e-01
2.452380219950619500e-01
7.305056338648944214e-01
8.858739042789628426e-01
5.412877171305133794e-01
8.416478231730262216e-01
5.344283110698065942e-01
1.011162707501334079e+00
6.115879001083786015e-01
8.374233192913660417e-01
8.182705667449130527e-01
1.089015156025783471e+00
9.130412761569125513e-01
1.132008890073696206e+00
6.964040077635709203e-01
9.622606046020664161e-01
1.044829858443816484e+00
8.594004232407848054e-01
1.392306221391900412e+00
1.420879470519017973e+00
1.271547242324543303e+00
9.632527503465024843e-01
1.590680566007981689e+00
1.655329403831425683e+00
1.121641978897041980e+00
1.703583467137279150e+00
1.932736659149348446e+00
1.943534855648830328e+00
1.470197641451454373e+00
1.781567200587793387e+00
1.584446882276942192e+00
1.839659981822734380e+00
1.595584479934420541e+00
1.833965640140502007e+00
1.903493765527991322e+00
2.302457301310298909e+00
1.858559465331677485e+00
1.971890029705164915e+00
2.064585551575133238e+00
2.130593777751716100e+00
2.081487185932073380e+00
1.873795110574110190e+00
1.613485410702148570e+00
1.896503955524422969e+00
2.021753736447674754e+00
1.929438898659965762e+00
1.567428685543854838e+00
1.660933949253906139e+00
1.619293690649229678e+00
1.522429336426105229e+00
1.148312661858857497e+00
1.417247779175712097e+00
1.255209240824545436e+00
1.311162254996141252e+00
1.576982206708855916e+00
1.013766818171865314e+00
9.559874318527479264e-01
1.205547564813774786e+00
1.325146021275144248e+00
1.071358652797952393e+00
1.191652136964154618e+00
1.227766553871421751e+00
1.170509648009185222e+00
1.237566039817899588e+00
8.576856136929827956e-01
8.371341199358537377e-01
7.855534065622131745e-01
1.084830345671955909e+00
8.989706265173381672e-01
5.922149321812241185e-01
1.229030651648421735e+00
1.038355958314563843e+00
6.847391628224436255e-01
6.201641435501048516e-01
2.899700646058648301e-01
4.409123366160998536e-01
3.449688464242084418e-01
7.479524073404101303e-01
5.369036335229585566e-01
1.913082084863360621e-01
7.613692294550060691e-01
1.200534738112855326e-01
1.559293220073640351e-01
1.276520264801245252e-02
6.545100131801305787e-01
1.743751690068050531e-01
-2.998714172312763604e-02
2.409668156510753056e-01
1.140194149442538829e-01
1.922412331363518301e-01
1.556361086775356894e-03
-1.146301493131376970e-01
-6.821496697720527691e-02
1.334127957489730232e-01
-1.165491583611998616e-01
3.835194973196415225e-01
4.330632128796478852e-01
4.070301951384074357e-01
1.766732537524438595e-01
7.272996601674193151e-01
3.979769515778400768e-01
5.195775167171945430e-01
1.753069841396096007e-01
7.112577858390716212e-01
6.236161791283335587e-01
7.114885578724096105e-01
6.792171801889654859e-01
8.738404239902165527e-01
4.115637857217391282e-01
7.779879572281421796e-01
4.660746548277342471e-01
1.017289536813516637e+00
6.903033427235992781e-01
1.110033655023285437e+00
8.735837554866699994e-01
6.356675711045538524e-01
5.454060513758469675e-01
7.751440770867709107e-01
1.057082749955078782e+00
7.485770593132098361e-01
1.172914633922353955e+00
4.154209801532549595e-01
1.051739076748210877e+00
6.649043316572621487e-01
7.263590410749061199e-01
8.693957554679525579e-01
4.518205028257783473e-01
2.410215253579251760e-01
7.084442611181656080e-01
-1.011987476275970632e-01
2.763824029873838128e-01
1.715446529758755945e-01
5.551262594071779688e-01
9.570661925281670479e-02
3.802050262085728827e-01
-3.096802502770006349e-01
-1.114178299006935435e-01
4.954172316897507700e-01
3.094796333229754559e-01
2.249218748621672481e-01
3.029203544246610313e-01
4.660806299660313901e-02
2.150767764070941612e-01
3.347929032223501133e-01
7.225433127760813035e-01
3.205822424458702469e-01
4.880600312889771253e-01
1.847545355389522970e-01
6.364430202558913896e-01
7.829678194007660963e-01
3.259617636993249468e-01
3.706021224321623952e-01
3.315948489306871916e-01
6.216725529391450289e-01
7.682531116821869066e-01
8.265180778877494472e-01
6.278718309240164386e-01
1.118694188736383044e+00
7.280333547240891434e-01
1.150525387254905940e+00
7.022428562077442926e-01
1.044600412682267443e+00
1.182936290040023541e+00
4.076012948573907169e-01
1.194361178511916144e+00
9.892902612183334110e-01
1.062806494604236374e+00
1.296916690784074344e+00
7.701976275123829652e-01
1.104022598105771191e+00
7.657621527629295821e-01
5.518805258814454273e-01
3.737715116004537985e-01
5.852374028320794785e-01
1.008219857399209163e+00
4.587810242007354655e-01
7.925611475114822113e-01
6.050143833419352468e-01
6.818810742456344887e-01
6.709695117052493218e-01
4.205552797569800383e-01
2.553170259144458831e-01
4.017534920869684223e-01
4.138057779750793364e-01
1.768178295639465936e-01
5.260688259481222095e-02
1.615280352482976745e-01
9.009545197882418144e-02
2.923706909579847912e-01
2.244933842582441108e-01
-7.924203734153967282e-02
1.295642021118079135e-01
-7.772414489228912648e-03
2.804956004473865838e-01
1.496008840547318752e-01
5.969009560267501957e-01
2.414493338124791832e-01
2.990154659123666625e-01
3.703447527520572491e-01
2.610069640999913565e-01
5.651205946113779799e-01
5.907985456774568211e-01
4.927156182509564997e-01
8.407906007054049002e-01
6.291539473684789607e-01
7.271121576939586495e-01
7.431343314951238677e-01
7.202928064364412242e-01
1.046046127328836395e+00
8.801235541391952966e-01
7.583401245823209180e-01
1.115600783804806095e+00
7.455932651428024416e-01
8.968148812268248449e-01
1.142338634202780590e+00
7.591940997138929559e-01
7.794948048065306612e-01
9.668200674238320858e-01
9.170325927532001486e-01
7.664325947119293714e-01
7.868477788618619684e-01
8.797880192424658574e-01
6.550712078291649476e-01
6.800028772876971495e-01
1.115387630561138987e+00
8.922170410289578246e-01
7.957061654971342435e-01
3.701280888307373895e-01
4.713814129963692645e-01
6.343375207949268901e-01
3.627704636288389128e-01
3.244522065530962007e-01
5.256381126436096007e-01
3.952448738438391063e-01
1.571414598652404182e-01
5.189432009030538195e-02
2.709862295196212578e-01
2.483490041666979731e-01
-3.785482695239519857e-01
-2.223741937803510871e-01
2.734237174549659227e-02
4.483730683387397997e-01
-5.740626778161228572e-03
1.648741931662054405e-01
5.394589441340244540e-02
-1.289224197893097390e-01
5.914356687879587238e-01
4.900015476303009043e-01
6.001004053067402477e-01
3.013717967342216530e-01
6.952342765012755610e-01
6.767696930786762932e-01
2.225409144956094210e-01
8.331684556166365496e-01
1.007875837817484577e+00
5.486651389388728095e-01
5.830405679654729889e-01
8.730272403276055915e-01
7.347459372353837281e-01
9.655834385372932260e-01
9.249161302197769219e-01
1.016143986634334695e+00
1.306307596210536381e+00
1.124866742386347873e+00
8.795083125145808367e-01
1.085299779894869143e+00
6.903837325875270547e-01
7.171743436283382067e-01
7.868688618454604544e-01
8.825463995701033904e-01
9.659669975153634125e-01
9.601711549244331678e-01
4.495369894963406887e-01
8.580711720747418170e-01
9.303380058539787445e-01
4.993531938571350581e-01
3.712948443641826968e-01
4.155048550247220085e-01
1.598881140485287622e-01
5.263981416037678551e-01
4.329843609626549683e-01
3.142344443345470029e-01
6.264758114814229506e-01
7.997990346272662032e-01
1.438084136258901136e-01
-3.099671721800714708e-02
5.403890068953554060e-01
-3.543566278915588619e-01
5.077342904919089628e-03
8.563578507487906721e-02
3.694060953078240894e-01
3.067088603984668982e-01
2.453174244027601647e-01
1.045105345774037103e-01
4.470184687741950436e-01
6.000399875898022595e-01
3.787066050154934138e-01
3.053326663719204137e-01
8.010845165710114291e-01
3.259048140665434801e-01
5.981360080427278181e-01
4.551255783189210868e-01
3.961120762739189782e-01
6.287232106947949761e-01
5.481076815931384960e-01
5.200002887546150143e-01
4.749801720134668725e-01
7.313290489611665723e-01
6.729542814969610154e-01
1.020021868812745813e+00
9.099805455693801282e-01
1.117556475010222927e+00
9.004732870006120216e-01
9.390975996305548357e-01
8.589837058162301808e-01
9.778995261336056455e-01
9.069757377355889272e-01
5.102990043517887653e-01
7.937907554660810217e-01
1.030185581781688953e+00
8.716792117134932738e-01
9.040342642897855052e-01
7.980982111591939931e-01
6.928775677939356115e-01
5.940281298867458037e-01
5.818886321761836955e-01
5.277258252904278857e-01
3.776601225322164246e-01
1.967712333185303031e-01
2.789448432530477473e-01
3.248814033169231119e-01
1.308946978831703745e-01
4.304714945184557884e-01
4.200225932161117948e-01
-1.041618748633760805e-01
4.746722483390257707e-01
1.349681113042142944e-01
3.121845506826690375e-01
1.779122777715147208e-01
-1.594848107679459545e-02
-9.684423783114542994e-03
-7.936606669145265802e-02
-1.554940949597752309e-01
9.677963685550054762e-02
1.783106182585352528e-01
2.656057699080554557e-01
1.139380820698373820e-01
3.646727889016199153e-01
2.458091196317120364e-01
6.522773658705997013e-01
2.217973282806883495e-01
7.641294015509273452e-01
4.175698108093558458e-01
8.674048387221158229e-01
1.035578926203184924e+00
3.093087237369072096e-01
9.820773678901442150e-01
4.241575588213915560e-01
6.579262638961058673e-01
9.636192825253282468e-01
6.928589555520650034e-01
7.913181476572206385e-01
1.121534118636884791e+00
9.093721251036384068e-01
1.057168598639915968e+00
1.076893477921974540e+00
7.392600839747505148e-01
1.221767616238824683e+00
9.979301523998621581e-01
7.195142509027122601e-01
9.073564227364173673e-01
8.843351999440466349e-01
7.617716082755526807e-01
2.737367233836352498e-01
3.062761504385928535e-01
5.339718393478859459e-01
4.135464741913074116e-01
3.972810588189747416e-01
5.587376078568819793e-01
4.828734773009808467e-01
-7.965388552698088320e-02
4.830915812935188680e-01
3.765877559007650421e-01
3.449590052254284944e-01
2.718404223269302866e-01
3.205992574602573031e-01
2.702307407608453005e-01
4.915750488609652025e-02
-2.079055353744318213e-01
2.971937523114136503e-01
1.117661787300288229e-01
3.943222201886434908e-01
-2.933191701056958589e-02
2.023270626654932736e-01
1.093800865986227222e-01
1.552858004287471783e-02
6.989240033346388881e-03
-5.360339893050519722e-02
4.503537523094532369e-01
6.295232234635415036e-01
4.004961917176561581e-01
6.298604188299347095e-01
3.367359389383334234e-01
4.158257030412685351e-01
5.289390139730738571e-01
8.589240980967863814e-01
1.008613091354261471e+00
6.195345474672192543e-01
6.169434744956537875e-01
9.043973894795804824e-01
7.279873156770380049e-01
1.202213789429065205e+00
9.265205646129396344e-01
9.418185147872153440e-01
8.831207842128558916e-01
1.080092764573582498e+00
8.716484012800106429e-01
1.112450532795933533e+00
1.047316511518847193e+00
1.109742005405505605e+00
4.386151599079162744e-01
5.465262507839070416e-01
8.319936579116022912e-01
8.057062699671037054e-01
6.778480460739307878e-01
4.451167803356109176e-01
5.367428393744573256e-01
8.288133853315555744e-01
1.611241661879120879e-01
7.952606426560487884e-02
7.559861504170165558e-01
2.221740599596953580e-01
4.729334193820417531e-01
3.918016723780032295e-01
1.679601759663423843e-01
1.152988929571506921e-01
1.656686968119366887e-01
7.505679809538841341e-02
1.015413381597307374e-01
1.770620207898697118e-01
-7.799497960973064692e-02
2.659280152830607591e-01
1.508261707006310071e-02
2.862075499541309465e-01
2.275366629219554293e-01
6.551566036465750198e-02
1.984806514456476934e-01
3.664281948536773914e-02
2.030312740731856636e-01
3.815509954658728442e-01
5.659887751910788189e-01
5.513454119224805439e-01
8.546556586141995648e-01
4.525947433080153015e-01
5.227107281988423448e-01
6.471806514304716540e-01
9.599058700210016948e-01
9.877414040738309309e-01
1.090685093309172959e+00
7.732620745606517687e-01
9.170020719581850610e-01
8.321900282096970081e-01
8.267200010889230732e-01
9.558213971642648410e-01
9.831876448229605048e-01
8.663150240100239152e-01
1.184023805382609762e+00
9.014746768792530895e-01
7.012219349809731828e-01
8.165409597581915202e-01
6.427825021021610352e-01
7.378291280501609872e-01
6.922584663809300265e-01
8.707425261255790083e-01
7.166084595734326657e-01
9.736286730085118579e-01
8.334807227949436736e-01
4.733982811201496443e-01
1.019852274991078778e-01
3.233250426644532771e-01
4.588473928808445290e-01
-9.776051731526719246e-02
2.170107259506347530e-01
7.909593368877012587e-01
-2.261277706718256009e-01
1.992394284096347112e-01
3.754325382337664330e-02
-3.184251870076328095e-02
-2.952491865644167324e-01
1.217981733608619055e-01
-2.928788220437178458e-01
-9.820873910575225740e-02
3.060732235032953552e-01
2.325021577342662460e-01
1.259069597004192353e-01
1.929954269694833524e-01
2.802167200256733270e-01
2.793471517123433667e-01
7.223476608063108539e-01
9.169736668673991176e-01
3.914344535688552562e-01
1.027355740582196475e+00
3.264397965241981892e-01
5.872756976118066463e-01
7.172122128214567516e-01
6.559396428548208702e-01
4.517733079310223832e-01
7.053248533104040652e-01
1.136967204615094484e+00
1.099454497595495628e+00
5.990000710603357037e-01
9.949812061438448874e-01
1.097067857534606672e+00
8.906016630861376404e-01
6.001382643757362523e-01
1.146133492338649695e+00
7.645802814648539059e-01
1.103970693602269737e+00
1.171297873565643854e+00
7.563908305882390826e-01
8.190610520574094222e-01
7.159728785056169720e-01
8.237660313684033175e-01
7.661614397111000674e-01
7.014124584031550258e-01
4.123743616869456896e-01
2.011601525507685229e-01
2.515867560703455297e-01
3.317470119211639590e-01
5.855380351358701052e-01
3.189924588646212422e-01
6.397700048790415650e-01
3.003314276278078454e-01
1.870884360735564078e-01
1.998505229173414000e-02
-1.904334565998219431e-01
4.624962597619337035e-01
-2.488182101797416501e-01
-1.243362206944340076e-02
-3.006228829871590569e-01
-1.256256212582348986e-01
3.101877390641816779e-01
1.027134419769026030e-01
2.042267341081864251e-01
1.720462776733959753e-01
4.196848088118744213e-01
3.273960129684529430e-01
4.438717641389832713e-01
1.007459526609664202e-01
-8.554679154516170447e-02
4.799328626058261271e-01
5.881770864898798745e-01
6.896591047579005984e-01
2.966752828152700583e-01
6.880143499642290550e-01
8.005807151271147060e-01
6.913656068498863494e-01
7.571453047573089012e-01
6.678911054231435607e-01
1.048420022331044699e+00
8.284851286207328691e-01
8.345223072999822245e-01
1.173590853332423301e+00
7.638139619957505788e-01
1.084249087849297410e+00
4.871156934214710965e-01
1.180809038193099791e+00
1.127621006328511033e+00
7.783341133322981831e-01
9.819608737782256069e-01
6.401951711447452231e-01
5.861040428866550744e-01
5.450381665697823230e-01
1.068765872932887273e+00
5.887263094897010607e-01
2.040278466795635848e-01
4.389415691892559201e-01
3.701860487120881005e-01
1.340191936491086921e-01
6.092615630832060036e-02
9.981305652903554870e-02
2.973304587587430881e-01
-5.526880249796295441e-02
3.178962339802143822e-01
2.826645360635676174e-01
-1.882684811122412316e-01
8.950022126432434499e-02
-1.986154650093301943e-01
2.884009325713891014e-01
