6.718549276471691423e-01
-6.500409839762396613e-01
5.765799701543274924e-01
8.649077656553060267e-01
-3.877348089301676515e-01
-9.453282331129279070e-01
8.183244549921242506e-02
1.039978220843075229e+00
-6.627151654485705645e-01
5.369025029087852730e-01
-1.095895937898960920e-01
1.137307038766649514e-01
-1.746717666899502697e-02
1.350221686305642654e-01
-6.997445807440316745e-01
-1.329863843672288992e-01
8.022221219127643188e-01
-5.428963514802124246e-01
-1.378333293540317417e+00
1.271164435422532657e-01
-2.741352043621965717e-01
2.088391430593877773e-02
-1.403261517160149685e+00
1.166041601091589497e+00
2.901512175246981906e-01
-3.913856914119528962e-02
-1.366578940336868886e-01
-1.864297173395390583e-01
-3.623206010159893964e-01
-1.171393159364578773e+00
-6.427615443677056062e-01
-1.958642893379017313e-01
-7.936206699424209754e-01
-8.025824587356350515e-01
-4.478733089059661054e-02
-2.227596635875351283e-01
-5.511583937383044418e-01
-1.847087306684487729e+00
-9.690505109020145502e-01
-8.771548351190595616e-01
-1.059743414142375828e+00
-7.794002883576807150e-01
-9.972127839311494268e-01
2.754000276169038530e-01
-1.156567174885635430e+00
-1.496371787859912761e+00
-2.118447186963074991e+00
-1.071619029660207500e+00
-6.129937119523483080e-01
-1.666886527369922266e+00
-1.350953250609300937e+00
-1.126732892019023380e+00
-1.451088892885109560e-01
-1.147163832144263873e+00
-1.305435971822563879e+00
-1.276655252367598470e+00
-1.767467930859770497e+00
1.513451368647444895e-03
-1.211759827811708101e+00
5.448572549793528896e-02
1.453962515517210896e-01
-1.413378709891043972e+00
2.983909726044067234e-01
-2.772333678432746806e-01
-1.375097408618319861e+00
-9.715286247699193023e-01
-7.544607347202183512e-01
-7.113578305368203347e-01
-2.579888143019131719e-01
-1.099389312119121609e+00
7.850389131332461412e-01
-3.810056379247337977e-01
1.468930687912722854e-01
-8.236875106773440258e-01
-4.379616540253331580e-01
-4.557072996721850400e-01
-6.405280913421288469e-01
-7.209087601845365345e-02
-7.572827779122079939e-01
3.988858842918918679e-02
-3.706564437602136719e-01
-2.481927118683845690e-01
-1.216592510555569995e-01
-7.075202676518443923e-01
-1.582516065855121612e+00
-5.966219131483764260e-01
1.106897043883263709e-01
-1.192235793684874867e+00
-1.507477334447329120e-01
-1.124464438706287706e-01
-1.098529533162390548e+00
-5.170107305126614428e-01
-8.828898812622235637e-01
-4.737642827545452406e-01
-7.346106649431320967e-01
6.415954070120670760e-01
4.040478601564116423e-01
-4.206583342641140866e-01
5.675124803680692276e-01
2.812821944121990936e-01
-8.925560323872391288e-01
2.008489756041565155e-01
9.734899669577729009e-02
-1.857070454379307067e-01
2.459550701970395215e-01
2.829695049336038992e-01
-4.015936176760586673e-01
-5.726335093666876652e-01
4.968697760917878403e-03
2.514090751594912354e-01
8.310809011170414706e-01
-1.770021682265153773e-01
-5.622689059843568593e-01
-7.721465336010486791e-01
-1.293742881323305116e-01
-1.208821845977039733e-01
2.531195978047062201e-01
4.530468554840303419e-01
1.927979780286417366e-01
-8.838680021234701645e-01
-6.059086791348318179e-01
1.019828387515570922e+00
5.561787960735087299e-03
-9.594989680022094625e-01
-3.553945950326122816e-01
-5.780026099129512707e-01
-4.449612653085789349e-01
-1.800668665792994672e+00
-3.214494809088007665e-01
8.583137333195434149e-02
-1.720373014721517380e-01
-8.604403507507012439e-01
-6.163992662158508384e-01
-9.556191024019247138e-01
-2.296431062988062433e-01
-1.599952039046678820e+00
5.743461765308084388e-01
-5.889112308266667428e-01
-1.578300856009973163e+00
-1.898164450115263913e-01
-6.716554992677747915e-01
-6.118114674651942142e-01
-9.376284161284330620e-01
-4.218554913625781611e-01
-9.820001526065291753e-02
1.242637868649857369e-01
-9.886195610181272020e-01
-8.576911784639181802e-01
-1.113499917623527846e+00
-4.319881063415694777e-01
-4.910759219492906169e-01
-3.650644105713454213e-01
-2.166478017972011116e+00
-1.527856062880871502e+00
-9.720643247998812519e-01
-1.251760298842007124e+00
-2.810570470151008138e-01
-7.700693429872451645e-03
-5.175277809459479794e-01
-1.480763755508196500e-01
-7.327657397984278509e-01
7.802568639708706844e-02
1.339414497303333951e-01
2.912029718423008173e-01
5.735394397307247427e-02
-7.599805069047148587e-01
-2.820179624215003455e-01
-4.063679671035964613e-01
-3.439848778250853556e-01
-1.160090320065493064e+00
-1.067032940787770334e+00
-9.877830676171778235e-02
-7.946259526410262009e-01
-6.439785836759108761e-01
-1.264176415040785262e+00
-1.471897630338771190e+00
-6.964632297915802628e-01
4.464120612106093344e-01
-1.088110211944440575e+00
-4.734852769699096631e-01
-1.140471019416436249e+00
-9.086296932466261245e-01
-2.850898293752757162e-02
1.243166629991510064e-01
-1.098323937610410583e+00
-7.574857857533194849e-01
-2.761977750836706047e-01
-3.540892070701915362e-01
-1.911797109221237412e-01
9.844099037008737785e-01
-1.099289080945339503e+00
2.503779502907079735e-01
7.661863728462944279e-01
2.742774623375989762e-01
-2.678408958576481980e-01
9.535825137720102540e-02
-6.407760086937300814e-01
7.302869638194946500e-01
-1.076374842175547686e+00
1.018382401070476506e+00
-1.000656247108945962e+00
7.498349922401578160e-01
-1.540038655212435104e-01
2.559913826255588720e-01
6.002464650038952243e-01
1.205582553281789038e-01
-2.561665764147358360e-02
6.882814572324493785e-01
-9.523652147241585819e-01
-4.905037020485992771e-01
6.262701848453159359e-01
-1.198768047053326846e+00
-6.397214086901603647e-01
2.124931686739216508e-01
-7.390144404212017903e-01
-5.448471360532824992e-01
-9.006888210424872643e-01
-2.376148699288439525e-01
-1.326844303391137458e+00
-4.397422149354913712e-01
-4.551811415128088623e-01
-8.944365495128708821e-02
-1.354617306324807258e+00
-2.268857435616412621e-01
-3.840017816956642349e-03
-7.601705995068887001e-01
-1.661172325496058866e+00
-7.599026755479156847e-01
-8.879317522719594180e-01
-1.384160021957611786e+00
-6.617273361670394927e-02
-8.680118166145953662e-01
-7.058443394804997384e-01
1.918122769937521399e-01
-1.398293148695811894e+00
-1.459894412433025312e+00
-3.020256450762505707e-01
-9.533513492822334179e-01
-6.705894953561268856e-01
-5.709111122974241948e-01
-1.045100593618931928e+00
-1.611202147189546796e+00
-7.136114418529900805e-01
-1.010516223933843438e+00
-1.657558289597611534e-01
3.269552644909223815e-02
-1.417062474940901540e+00
-2.025281910575944977e+00
-3.248709263574313111e-01
-9.852132575437936302e-01
-3.319354543160674131e-01
-5.652253867961019029e-01
-6.314623925780968872e-01
9.101634903309308022e-02
-2.010672750408024623e-01
-1.096631560154399221e+00
1.814148426523701785e-01
-2.194351066385671345e-01
-7.715828607461288069e-01
7.501689055980150789e-01
-1.105541174529292459e+00
-1.075612488856537263e+00
-1.424190711376272400e+00
-1.020343856437282426e+00
-1.141163225443942997e+00
-2.796642032577620895e-01
6.889715992194689331e-02
-3.180116701111612709e-02
-9.215611817811901751e-01
1.406493264201327253e-01
-4.103526581637350068e-01
-1.923625314434604938e+00
-6.150045081404198477e-02
-1.919366621583896149e-01
-7.201425699004703196e-01
-5.835460624295155663e-01
-2.270054439492709797e+00
-2.521843229042757817e-01
1.350456519883854178e-01
-2.654639285457732756e-01
-2.188285052195620972e-02
-1.532874060347128697e+00
7.679689291215100466e-01
-2.587646837494156360e-01
-2.400746256099524634e-01
4.322229314266960443e-01
2.574995048068384751e-01
-1.964818751818167009e-01
-4.110332913418109912e-01
-6.669241909821177483e-01
-1.790511040626094341e-01
-5.818373660764961652e-01
1.115990402325316710e-01
-2.807940348314627022e-01
9.065394020291094312e-01
-8.486794194134271718e-01
3.482517277260233635e-01
3.742441258608706911e-01
-1.363853972835195050e-01
-1.353843405034153291e-01
-9.319497659130701606e-02
-4.582091140534177987e-01
5.937204925142394174e-01
-8.518162557221733433e-01
-1.065438382223817149e+00
-8.258755452884630754e-01
-2.645174987367080455e-01
7.859757382477968735e-01
-4.193927394856560298e-01
-1.369904697601287635e+00
-6.818013869292905982e-01
-1.071712712495218600e+00
-1.631371633447044722e+00
-5.083880145059002098e-01
5.381261097789176162e-01
7.610382585085704310e-01
-8.685890667174225310e-01
-8.544775947613068023e-01
2.481325268911279691e-01
-5.709195702978626663e-01
3.469976210968845343e-01
-2.196852770231232654e-01
-1.444145411542675506e-01
-5.805470444266305208e-01
-1.077907617710556654e+00
-2.129423242360958812e-01
-4.713773640347492244e-01
-2.819662255878951362e-01
-6.264496894581608188e-01
-1.826364255462786801e-04
-9.180369471772742429e-01
-1.929268291871966134e+00
-1.081268933276976707e+00
-5.359713939859733767e-01
-1.095240612824430748e-01
-1.173016047138061513e+00
-5.427149528447723359e-01
-1.395103061872684513e+00
-1.002368539122854951e+00
-9.524531899836459203e-01
-3.729497352590613879e-01
-7.492749602242928519e-01
-1.401499013244997816e-01
-3.144946777030666052e-01
7.311109753316213933e-02
-4.286792490409079837e-01
-5.074256018682337110e-01
-5.567158208496769678e-02
-2.403307718808119553e+00
-1.244376664438523239e+00
-8.337213317723488615e-01
-1.625230775672635630e+00
-7.188862647806990580e-01
-1.235977168994538244e+00
-1.074493582224446797e+00
-2.120359274893868218e-01
-1.233757952324743501e+00
-7.106037548604849929e-01
-1.141992654168376253e+00
-3.892505708053346503e-01
-1.404524435984383590e+00
-1.199569950432153309e+00
-1.714463086776541800e+00
-1.921174604998471258e-01
-5.012984091748753368e-01
-1.191952068379002139e+00
-6.919456900198728277e-01
-3.958522987293086048e-01
-1.303631546393976048e+00
-9.701599997392593711e-01
-6.814365652909086801e-01
-8.355895229360896792e-01
-1.197752425471467763e+00
-8.025210939516156383e-01
-4.383901757139437860e-01
1.464145571345853991e-02
5.604271420504378654e-01
-6.907443792180359976e-01
-2.171899268041176168e+00
-1.370985171120683299e-01
-1.489102929782520235e+00
-2.653786336258348033e-01
-4.759396410551143819e-01
-2.866361440194316046e-01
-6.389576530431775314e-01
-1.151596367484230221e+00
-1.567124156507311572e-01
6.244698608989176503e-01
-5.672811642936517185e-01
-1.031902136137664294e-01
-1.395713296544484616e-01
2.227998125813100416e-01
1.067340862289638259e-01
2.585394580823586197e-01
-9.879138573790321454e-01
-1.032511337227921544e+00
-3.815429978648237630e-01
6.197652011252299253e-01
2.825566641857413797e-01
-8.490011309481744206e-01
5.789776619482994713e-01
-6.303072354775779429e-02
-1.066364501911701845e+00
-2.904627444165657768e-01
-8.348400235094095567e-01
3.787381411636647766e-01
-3.103148974473945998e-01
-1.807917282046092033e-01
4.137627397161710019e-01
-8.270358204094263588e-01
1.225407084762487886e-01
-2.112258134325694647e-01
-3.497789867166994915e-02
-1.416292797422925576e+00
9.758666620742131315e-01
-6.347087183019596290e-01
1.093377872254138183e-01
-9.732056442727671230e-01
-1.206897474064801301e+00
-1.164117093031072914e-01
-1.160577520461785195e+00
-4.623876321932601785e-01
-5.762712494096083882e-01
-1.493538429787946153e+00
6.457625055404991876e-02
-4.776571190067802064e-02
-3.049982023818721411e-01
-3.840958292126863682e-01
6.214373827238616199e-01
-1.723781597923851994e+00
-1.201304497528432602e-02
-7.390815170683933122e-01
-7.027145719094551879e-02
2.522923946867716705e-02
5.121494590837252225e-01
-1.058133782372059795e+00
-1.380321610860621107e+00
-1.503978839735765849e+00
-2.374133630438749254e+00
-3.658001023656034523e-01
-6.008730630051806187e-01
-1.748049017290102869e+00
-1.247625599930491713e+00
2.088888195755167487e-02
-4.207235725831974249e-01
-1.722422806215030633e+00
-1.515737309109305597e+00
-1.261843969004518007e-01
-1.149167339141276001e-01
-4.305808011478819974e-01
-3.375957763673550494e-01
-4.744359573096834648e-01
-3.662674686345257502e-01
-5.316761686664516207e-01
-7.218103258081778328e-01
-3.355780426683615536e-01
-6.729246228009870823e-01
-8.227663799466233829e-01
-1.431074292819910720e+00
-1.825917294240497313e+00
-1.822503327598078871e+00
-6.577095935183154829e-01
1.906013492561482447e-01
-1.531738706384525583e-01
-2.915094989737994635e-01
7.839023224665242484e-02
-2.841220423610434365e-01
-1.224189412192433934e+00
-9.979159825000665229e-01
-3.137226907921358277e-01
-4.407169516809527066e-01
5.086177291584270677e-02
-7.545980309015621890e-01
1.131457990993646190e-01
-2.194853508509270190e-01
-1.331026867503463107e+00
5.866011760590839064e-01
-1.554784208785062072e+00
3.907847324439912007e-01
8.441802397967751448e-02
-1.322645322254078160e+00
-1.015346554508079202e-01
7.357475306322421860e-01
-6.128880987921851986e-01
1.292986239046873598e+00
2.446513800334488287e-01
-8.046905226591517524e-01
9.472166162431555625e-02
-2.313072014653123898e-01
-5.831368592905077364e-01
-1.266681428113621277e-01
-1.959020002682690387e-01
-5.759845414131870012e-01
-5.742141689252310277e-01
4.718138914553826613e-01
3.271809177440453409e-01
-5.369179915962879468e-01
1.161944843297999297e+00
1.524426554352720675e+00
-1.542087548487893756e-01
1.000926779148436641e+00
4.328734481846438498e-01
-8.598127963446673683e-03
6.607625504328210608e-01
-4.306715359212234251e-01
-3.457945373146170676e-01
-6.420471111520443808e-01
-1.199980894518781316e+00
-3.630385618350157051e-02
-8.616757806785255713e-01
-7.752180896717034697e-01
-1.061513258177532615e+00
8.654283166406830929e-01
6.654617496921311215e-02
-8.533858700619429971e-01
8.253214890389539704e-01
-7.441284253656026415e-01
4.499440929224138852e-01
-1.883054693633535948e+00
2.923680771608458961e-01
-7.934260867801333772e-01
2.242871054499878114e-01
-1.950175677218788373e-01
-7.574871903608311197e-01
-5.600606451187236656e-01
-1.254104443300414928e+00
-5.364677996987966546e-01
-5.302948653715411353e-01
-1.395555822958034931e+00
-7.373993080404745992e-01
-6.142082363217172825e-01
6.178308651511844607e-01
5.019142141291029757e-01
-1.346121074648459093e+00
-1.170760414505432445e+00
1.524569126967665333e-01
-8.855056341096181338e-01
-1.363210121491961635e+00
-9.391290173721323908e-01
-1.028276569171686639e+00
-6.700986008871248067e-01
-1.226006123030348061e+00
-1.105774642523309481e+00
-6.210296565103293753e-01
-7.486874779816780068e-01
-7.931098398544080830e-01
-1.532570022210209437e+00
-1.337772470633901145e+00
-1.371209788022862419e-01
-8.920154467188674552e-01
-3.692065031520357365e-01
-6.794244451510055294e-01
-1.592971115276191396e+00
-8.750123140210592787e-01
-9.884644330090626152e-01
-1.010978073067438032e+00
5.220262055389047751e-01
-2.176224208670100246e+00
-9.622813899685234151e-01
-4.879292057662009130e-01
-1.088407425199241274e+00
-1.090549821758715732e+00
3.714152286927441260e-02
-1.410896581010451900e+00
-3.904673106463859567e-01
-1.661243575930955396e+00
8.562399762526728964e-02
-2.575684499149363815e-01
6.586624342079760996e-02
-1.106673858964621004e+00
-8.744360530392047970e-02
-4.136881546822636091e-01
-3.356710310595001356e-02
-8.843621973476617493e-02
1.346592747682319180e-01
-1.730674046832380686e+00
-8.943751579103234040e-01
-9.011683764451876577e-01
-1.416638860917765586e+00
-1.175848218731638806e-01
-5.156364380334508279e-01
-8.635667484407343331e-01
-5.440819751971421869e-01
-1.557262789955467241e-01
-1.158980728830731444e+00
-8.062758382549650715e-01
-3.768307268592168136e-01
-9.601836722506329469e-01
2.998451115398140798e-01
-1.929212733404988278e-01
8.431604687365827910e-01
7.669631308191182661e-01
-4.273934510994643610e-01
-7.162941581364740129e-03
-7.110441729089396201e-01
-1.670950839715378000e-01
6.442245529541159588e-01
4.646361428366937996e-01
8.699949678580293222e-01
-3.103019990789727123e-01
1.282163804292560105e-01
1.031829304768742572e+00
1.335611075342279852e+00
5.928154848107021202e-01
-3.903507562571615352e-01
-1.701091388412629968e-01
1.387561792484587331e-03
-4.637257896643750543e-01
-2.079212184821600251e-01
3.008148087186860997e-01
-2.132781326580607817e-01
-1.205745948993902417e+00
6.732704640081558223e-01
3.579361973361153693e-01
3.723355327321081765e-02
6.590200279475094680e-02
-1.501665772858192527e-01
7.308889698303121518e-01
-3.286020305714519307e-01
9.118452872213641536e-01
-7.498361594678378816e-01
-5.387437084519608455e-03
-1.715773116428775502e+00
4.884689724678659140e-02
-2.416491814959637274e+00
-2.130415873662692139e-01
-6.872001579831413798e-01
-1.266790309146615723e+00
3.700546550209230512e-01
-3.601978064797698997e-01
-1.041469870396120712e+00
-7.332389388166926647e-02
-1.662652443437644401e+00
-1.114704955549140619e-01
-7.106581816724311107e-01
-8.464550211717043471e-01
-9.111351014935812342e-01
-4.416759730418601815e-01
-7.911997334018526784e-01
1.965433086591710232e-01
-8.720272430081389414e-01
-4.360981562153637969e-01
-8.829168948511663118e-01
-1.817686913547481131e+00
-1.477304950911973336e+00
-5.124405356572764303e-01
-1.056652941154732517e+00
-5.339858197131241990e-01
-1.181649339712622870e+00
-2.505938428892789283e+00
-9.933177189140610652e-01
-9.395864562031069900e-01
-8.391145497423299071e-01
-1.054652655720497156e+00
-4.971364282906811094e-01
-6.094638384654452734e-01
-5.416621868452624611e-01
-6.335553947101961736e-01
6.267964985717994209e-01
-1.771211402563839687e+00
-1.638129298772487363e+00
-1.455572641730923600e+00
1.164040414875079366e-01
-9.150869993721140183e-01
-1.601860599483162506e+00
7.980603189948372034e-01
5.330960521164206378e-01
-1.803282894230308075e-01
-6.616051275252275987e-01
-9.905526427065127759e-01
-6.508852926979181719e-01
-7.845227656313377151e-01
-5.953460076319289085e-01
-1.052833471160417589e-01
-2.945587045524892256e-01
-4.179093852641856954e-01
-4.886481261538718202e-01
-4.529832459353935747e-01
3.790823270221554409e-01
-4.944310330362855499e-03
-1.679719820915644757e+00
1.265754776502326928e-01
-8.412434726497403092e-02
5.831943401198469434e-03
-1.215536529192273174e-01
-5.957732405664526443e-01
-1.258251005806620082e+00
6.177592946955300368e-01
-9.664937532201031689e-02
-1.302067395999484622e+00
2.423857482535534125e-01
5.288638599839239340e-01
4.583257094205386295e-01
-8.864904517638168002e-01
-3.431637814697002797e-01
-5.324157353759523259e-01
1.506317685510311644e-01
2.059589641815575134e-01
-2.096364027629898374e-01
-1.081131494512856950e+00
-1.367611425653994239e-01
2.780745051629159859e-01
-7.013347074995313069e-01
-8.830888985494225185e-01
-3.677784639303973702e-01
4.010599364859659399e-01
-8.672354193540576794e-01
-3.851729614112225919e-02
2.337068031634839671e-01
8.449672206010366837e-03
-8.272716274329394714e-01
-8.538275283494236589e-01
-7.559780994926872388e-01
-5.911301282182852557e-01
3.289906374848878268e-01
-7.311144286513875379e-01
2.557973926348922067e-02
-5.024237132945873485e-01
-4.998183067588227169e-01
3.715642083445038768e-01
2.386406589598749073e-01
-9.382257043840080968e-01
1.828150734252353415e-01
-5.441644518575222689e-01
-6.001654394910084234e-01
-1.129541759998645478e+00
-6.324252478363409091e-01
-1.741024800327204858e+00
-1.401451324192845904e+00
-8.840517352666685813e-01
4.176815820995328776e-01
-1.494774604780738203e+00
-9.591699266463684648e-01
-1.384658689383459151e+00
-1.868471811188656684e-01
-3.800091754893573648e-01
-6.073112666030168194e-01
-4.821031665614604056e-01
-7.822727105447265794e-01
-1.398689988926097083e+00
-7.255646572662205473e-01
-6.671960494493215377e-01
-8.216523288430026550e-01
-1.069697802968491152e+00
-1.230645695452755595e+00
-9.184976693119129010e-01
-1.739695204783439308e+00
-3.969008130755129482e-01
-1.974548282194659166e+00
-1.994898118863204894e+00
5.918797793236123539e-01
-8.128370603615834300e-01
-7.909060409213575227e-01
-4.588260231052308513e-01
-5.834590886236701301e-01
-3.266220969005828589e-01
-1.156572563920754915e+00
-1.214698120537790027e+00
-8.837830635550699698e-01
-9.546563170513484575e-01
-2.124227297625165267e-01
-4.727748637319608704e-01
-1.740869152785429641e+00
-2.624433346652492727e-01
7.002707357394266641e-02
-1.317972789344343809e+00
-4.550786981497926265e-01
-4.715383371362207310e-01
-7.508019438498499953e-01
-8.197529669246255146e-01
-1.455336756275235288e+00
-5.118943844061858428e-01
-5.664446949025020439e-01
-4.805103048968333845e-01
3.174071079074781698e-01
-7.369089476226089452e-01
-1.210868654230638608e+00
-6.606118063348591640e-01
2.565183977093033474e-01
-5.278354186940499293e-01
5.081997417508171688e-02
-7.620865684277338126e-01
2.733171853734051027e-01
-7.347030143303536764e-01
-8.469450034736871746e-01
-9.045386636031145233e-01
-6.714880029996916910e-01
-9.825091638806734418e-01
-3.923878088040138046e-01
-2.849461878376146062e-01
1.478673187096633868e+00
-1.681614761124666790e-01
-1.111044695988182118e+00
-5.053473687404255177e-01
-6.411376856516854961e-01
-4.477021223459680677e-01
-5.450207703498118894e-01
-7.868703752672323581e-01
8.476127343553372384e-01
-3.260012733620688552e-01
2.082941971549655547e-01
-7.354893681265416427e-01
-8.549360672366212999e-01
-4.444977221998535483e-02
-3.886181970130563323e-01
-1.767766055031635974e-01
-1.058570050186186773e+00
4.673213776539699715e-01
-7.762625437321633015e-01
-1.396795569269760007e+00
-4.660489373066468710e-01
-7.295050247675102240e-01
2.163547741255614221e-01
-7.743687660608706835e-01
-7.355569635804046769e-01
-1.193632174503253263e-01
2.094616636601953630e-02
-3.970489449255307224e-01
-9.001033665279023488e-01
-8.943777089311801820e-01
-4.354562353961859422e-01
-3.052354712488411503e-01
-4.403573166469224032e-01
1.834594711190984384e-01
-9.809071135821292309e-01
-6.335723571427220868e-01
-1.032835550435263317e+00
1.942973276190418375e-02
-3.969860336241660681e-01
4.634415075561072461e-01
-2.339703102177964622e-01
-2.662820847777628286e-01
-1.214109764910506595e+00
-7.102121331341457733e-01
4.084187180044074328e-02
-1.497242927678707591e+00
-1.331581047556567921e+00
-5.205635453064492157e-01
-8.669015279350156256e-01
-2.053319156843992133e+00
-1.066502671557702620e+00
-1.120546755723645038e+00
-2.017993476584675427e+00
-1.593664843602990988e-01
7.384305177064666159e-01
-4.244772501375030926e-01
-2.909903534480009490e-01
-2.031736250424364343e+00
-6.732857126265463510e-01
-1.536941080482782773e+00
-4.660394679167594312e-01
-1.682211043196295996e+00
-1.756159113739566235e+00
-2.764147647596066903e-01
-3.747498103152955284e-01
-2.038299347699073394e+00
-3.231195210041208910e-01
-7.366271505108129558e-01
-6.297234081173521680e-01
-1.958144575397652520e+00
1.421464489305428458e-01
-7.260769838095362250e-01
-4.826680972763827682e-01
-5.386976639775195030e-01
-6.926047819611880207e-02
-4.319265414419405924e-01
1.776027285555275004e-01
-9.756506102311452988e-01
-1.125849874103766801e+00
-7.901521642873472473e-01
-7.143379029692606963e-01
-5.738756033106716670e-01
-7.478214926379973537e-01
-6.863885492646705222e-01
-1.473248505839182876e+00
-2.712110749468773507e-01
-2.862489814432284119e-01
-6.152205675828372744e-01
-1.369448153926834388e-01
-1.764923742572056808e-01
-7.612811986061347458e-01
-5.439262688782231514e-01
-5.284530569036428593e-01
-1.450214300402311363e+00
-9.325059034131844005e-02
4.033829125599802112e-01
-4.543098050006455502e-01
-1.066148872668797598e-01
-2.915539703572560537e-01
-7.366201884771598207e-01
2.063836991220132644e-01
7.201437419237546322e-01
2.615713218949313745e-01
3.597790457142030496e-01
-2.324249594747287984e-02
-2.465454062335143692e-01
4.607208719273943598e-01
-4.177680687793460662e-02
-2.828517941669825841e-01
-9.411745831472787538e-01
4.055684633973359599e-02
1.215978796707459786e+00
5.579037117457303907e-01
5.977092144430202758e-01
3.218920110508772803e-01
5.148376564364313124e-01
5.700921457835497752e-02
-3.542258549572102622e-01
-1.022046306500316581e-01
-4.676001037142218375e-01
4.969948978506516513e-01
-2.118584029486778875e-01
-1.126493002969374491e+00
-9.196553574478273374e-01
-1.209017982514132505e+00
-1.236335724799917934e-01
-1.011503297319493455e-01
-9.023051508780183250e-01
-6.732431709348982718e-01
7.803438963928627237e-02
-4.109677593056332290e-02
-5.044930037044600413e-01
4.606038007367146969e-02
1.945047665639493273e-01
2.705599937875137195e-01
-4.958063959570404577e-01
-6.435476766949361771e-01
-1.812302873201630637e+00
-4.354395757564174518e-01
4.305776016332930611e-01
-6.157913141385137346e-01
1.143316615644193845e+00
-2.172564504597847557e-01
-8.038406724237173728e-01
-6.685817986631452658e-01
-1.110678300862373291e+00
-2.774694320963002059e-01
-2.206339757338937613e-02
1.247411701909223458e-01
-7.721704320435515134e-01
-1.164231510931794888e+00
-6.262537992990218072e-01
-4.320229202337763086e-01
4.425228459575647477e-02
-1.946685913773005261e-02
-9.420645297172219879e-01
-4.946995387951419465e-01
-8.200947692017812596e-01
-1.053256546727732168e-02
-6.803003023564830887e-01
-1.878694367810014754e+00
-4.753575142387436170e-01
-5.003373251775399266e-01
-9.383605124697812494e-01
3.242040391578882019e-02
-8.217243413485774139e-01
-9.718677986294707027e-01
-1.202793376259107205e+00
1.343583483558238312e-01
-6.385748785774385539e-01
-1.653983688747377556e+00
-1.086977978970312675e+00
-6.894885450150046724e-01
-1.448417714722838756e+00
3.938634453221439014e-01
-6.868764942038612098e-01
-1.116588947325185543e-01
-1.033641233446351837e+00
-2.742571929637348527e-01
-6.681276187701212788e-01
-7.511443839825745483e-01
-5.689788566301641204e-01
-3.856536128936984831e-01
-9.649722498943895665e-01
1.357879718096729249e+00
-1.126491999822321954e+00
-1.654270498938516187e+00
2.027236818195823909e-01
-1.942465395220200619e-01
-2.427773505984750779e-01
-5.783952257560174282e-01
-8.302638782127176320e-01
1.821408257458417834e-02
-1.340679056768172117e+00
-9.731739572730815357e-01
-1.337167191105742337e+00
-1.841287879349393086e-01
1.540972785093991826e+00
-1.690493691345823501e-01
-5.747154790790114376e-01
-6.939330172597079072e-01
-3.306911842760718034e-02
-3.545223345478381027e-01
-1.218235805523438131e+00
2.234823863597649174e-01
-8.560918904619843617e-02
3.912935958896519018e-01
2.175616220979693094e-01
-4.817138064054589108e-01
1.332128169835731790e-01
6.657195537143639763e-01
-1.394302276241223271e-01
-7.800885574590318838e-02
-5.790418307069655768e-01
-1.238728123527814418e-01
-1.901017420908488464e-01
7.265285374001916319e-01
-1.965013284964566009e-01
7.521993012316088301e-01
4.497824805199706066e-01
-1.074277600213983386e-01
-3.381435083470555325e-01
-2.292100186651795379e-01
6.201807105439145484e-01
1.095023463730337099e+00
6.567424876741215778e-01
-5.233553454381838499e-01
-8.601457345257862430e-01
7.522331994622770690e-01
2.908294403369371950e-01
3.930939331902371103e-01
7.267039266048308521e-02
-3.024447395488458201e-01
9.956971107827731204e-01
9.045785052389304637e-01
4.254037152952335199e-01
1.546001768427311740e+00
1.374549601795034270e+00
4.578136204818155641e-01
1.615922374671777129e-01
1.171246488361985527e+00
1.549640034487792306e+00
3.624246944884206290e-01
1.277143648294823297e+00
2.753629243531048876e-01
6.892932664784419128e-01
1.264961607332888205e+00
2.440252710145045523e-01
8.520003866708059093e-02
3.200669735601716637e-01
1.015127940861209721e+00
1.133434532249384841e+00
8.809223854849157487e-02
1.064183165570542045e+00
-1.482165632806532463e-01
1.580958485877800079e+00
2.427529511765342818e-01
1.099499498970296196e+00
1.982799600480211311e+00
1.666578034186007695e+00
8.306310890766156474e-01
1.185113619525321349e+00
9.382020967546463863e-01
7.791922673042643854e-01
8.399450120417527588e-01
4.188639281203820341e-01
-5.617148722930652704e-01
1.663145422420151398e+00
1.849266282291234020e+00
8.657607475486752691e-01
1.954190843176439873e+00
1.637762721603748695e+00
8.721491364160368631e-01
2.917561130457710372e-01
7.162175147450674517e-01
6.363196988533332821e-01
-5.839133581880801005e-01
1.417451169291273239e+00
6.069638118936843130e-01
1.517354013228384257e+00
2.564364714381771049e-01
7.077994075003782859e-01
5.905230633111946403e-01
1.085218388025131819e+00
1.952673133443877940e-01
1.153923735321060740e+00
1.282206483392605900e+00
2.951388857886394490e-02
-1.656668770241099264e-01
4.553671076077477342e-01
-1.588686682060410638e-01
6.915172590980001033e-02
4.673557781811081835e-01
3.456507089733262816e-02
1.240626991155841519e-01
-6.578320509599783206e-02
9.753645092465068611e-01
3.800861390504270410e-02
1.789047576683273411e+00
3.918218509409099326e-03
3.824911388980087867e-01
1.180948213672291969e+00
1.017968339635535735e-01
6.238333479166583428e-01
-2.481251437243626734e-01
-3.519567766492745498e-02
1.028838248914555997e+00
-2.679679006593787549e-01
1.172463385077935127e+00
-2.645897224763167910e-01
-2.774866779535130057e-01
2.996264799864755551e-02
-7.479015282931018582e-01
-4.509812765016978919e-01
2.572332328057430617e-01
-2.767076641370626588e-01
-3.978502417955523396e-02
-4.081088091555875597e-01
1.178315043465702150e+00
5.634752948141363849e-01
2.419400737922368372e-01
-3.985608181778826919e-02
4.231663467302821946e-01
2.791351595299852439e-01
5.029130921780994301e-01
6.049917017688106746e-01
9.499158788507297557e-02
1.215708232638713637e+00
3.661274377364371890e-01
8.933508295418375322e-01
2.486740258552005978e-02
3.494814770185917241e-01
1.214592976615268993e+00
7.531102143273948890e-01
4.248485397976004552e-01
7.209675850698875621e-01
1.874561612225143170e+00
1.207650610759209542e+00
1.240199644664986778e+00
2.990748141962962792e-01
1.064261194983780356e+00
6.096625560743005323e-01
1.058064759969111979e+00
7.598927088112393813e-01
5.949774804928746885e-01
6.406982626893642507e-01
8.924755833768728275e-01
9.056573975608532834e-01
7.911882170422182003e-01
4.235938430787263287e-01
1.110625933615014826e+00
5.411304654225367328e-01
2.151425444669615050e+00
5.856850966267990177e-01
1.361080885771358995e+00
3.707630667828506477e-01
7.661862105734726924e-01
2.178629026011142500e+00
7.247450826247656686e-01
5.948792665752804520e-01
1.146073320641711968e+00
1.408356983472729862e+00
1.652608669666708607e-01
3.267840507486872159e-01
3.099073888031772528e-01
6.338383078840241769e-01
4.550240070103956924e-01
2.336487238528173194e-01
9.741173692255520322e-01
1.731277198834902720e+00
9.899820372931970036e-01
6.962376842625529472e-01
1.550480436060512446e+00
4.191896978157118592e-01
2.465968077395537805e-01
-2.407393750876291039e-01
1.464103260069752999e+00
6.237538222857892389e-01
1.446066803231193632e+00
3.666675812811002744e-01
1.632692073706983327e-01
1.048293017865321808e+00
1.564562516589911967e+00
7.643761909616746397e-01
1.249750758755910351e-01
5.262773750920448634e-01
6.681266951116779929e-01
6.838599568903216408e-01
5.818468626705141089e-01
3.554674384654952779e-01
5.626753776885028424e-01
7.661239836185176344e-01
9.869790325557262767e-01
-9.888674615282294633e-02
-6.885622549176633189e-01
-3.649624857429312197e-02
-1.817471939152129901e-01
7.709936189101064263e-01
-1.203958639376279671e-01
1.201203088960054455e+00
-8.508578520887677410e-02
8.754169428718081014e-02
3.424995934124475117e-01
3.167716307662314379e-01
1.290248990500325044e-01
4.238454425746074339e-01
1.147493162110705844e+00
-3.823245031307775932e-02
3.132112424435299913e-01
1.476060857837227340e-02
5.216645456540403014e-01
5.956854463881823269e-01
-3.184778798821882306e-01
-3.734121158905392424e-01
-1.408407762284203668e-01
-1.898976554326542443e-01
7.433580028682167384e-01
-2.630886552965124858e-01
1.585430317811753254e+00
-7.099089375871399099e-01
5.272346097702604872e-01
7.587953633696634115e-02
2.891179965484208525e-02
4.799314202358544446e-01
2.485915807612579520e-01
5.374931147558639211e-01
6.129500938498051443e-01
5.922879363203169545e-01
1.727323595296899938e+00
4.260877562933439999e-01
9.952414178170516657e-01
-6.555869146425874483e-01
4.695593952441260988e-01
3.308578018679833033e-01
-1.545091692799878125e-01
8.400540391411867036e-01
1.028449317081835179e+00
1.269205228627490634e+00
-5.288013257601872352e-01
-1.050867490244630220e-01
4.360247380249807625e-01
-5.833612782293516874e-01
1.409116459874490968e-01
4.971983097744306357e-01
1.643347703330895193e+00
1.005533272222528529e+00
1.031662605136145716e+00
6.993651051264134777e-01
5.011223257374740614e-01
-1.607749257636315043e-01
1.836880149149622721e+00
7.576315679397963576e-01
1.368772537978558912e+00
5.206693089287298681e-01
6.477577171315179738e-01
3.919312464612467739e-02
8.793746023677928569e-01
3.694225736332387156e-01
9.727083910077597428e-01
1.026793851867941365e+00
-3.673241620924372342e-02
7.112650546677512509e-01
4.430110213863920343e-01
1.147833878806371777e+00
-1.651009390894838669e-01
1.345094686037672016e+00
8.838712747892665256e-01
8.379519460456729130e-01
1.063672418341410797e+00
1.666421046191660649e+00
1.288916105187642103e+00
1.006289650927790991e+00
1.186135188420561981e+00
2.696225532889767185e-01
1.588219919812764669e+00
1.274157015342359589e+00
1.322552518259459742e+00
-2.974225360404755270e-01
5.878875388435178539e-01
1.230780554151635897e+00
5.501838455965053498e-01
5.995426397181817801e-01
1.711296486527029148e-01
-5.293411128018661316e-01
3.566937250203565668e-01
2.734167371416942882e-01
1.107991127944113696e+00
-2.301906868393654437e-01
-6.394425164450916466e-01
5.354421942908543786e-02
-3.298185980694573471e-01
7.687977430682790825e-01
4.196347177716108767e-02
7.349608728081247211e-01
9.237730631017271321e-01
4.437548111886166491e-01
2.660507424542643551e-01
1.850576628677039204e-01
-1.250844945118381180e-01
7.436191558282104763e-01
-1.044959687719638763e+00
2.631537099336968555e-01
-6.973498957663244457e-01
9.599148476517703754e-01
5.589608783571102801e-01
5.040522214944164608e-02
1.258895576310761211e+00
-9.154102227916065537e-01
6.114154507373148473e-02
5.320280902356213648e-01
-1.808514630485376085e-01
4.483054829299253363e-01
-1.449748288194565027e-01
1.512003721659144651e+00
-7.970544293240918732e-01
-2.241386559008168855e-01
-9.589543891471960513e-02
-4.147629558064531707e-01
2.072552658177517770e-02
1.782491265454759777e-01
3.069381182738099567e-01
3.038726789514375470e-01
-2.497638058449492826e-01
1.235221708207120628e+00
3.536895471762296905e-02
5.655899151206927877e-02
1.642555104160599688e+00
-1.323554604189831063e-01
6.932595635482923235e-01
3.602385305153242290e-01
7.077036259581662714e-01
5.071853582287523254e-01
6.940072128347309910e-01
3.319473478100664066e-01
2.986747643410596620e-01
-9.133486644238186791e-02
8.146705440208973359e-02
-2.315366391362329024e-01
5.965830440559677372e-01
9.407220420855499921e-02
1.947509451646047829e-01
8.911009053862529727e-01
1.022392783086583767e+00
3.636294409924661353e-01
1.851324846332701446e-01
1.301862729990521439e+00
4.601827234422831148e-01
9.058216847289707330e-01
1.373813882083433358e+00
1.504531106827288189e-01
7.658547272374720549e-01
1.313621459439106465e+00
9.445024361074465524e-01
1.078565273933998814e+00
1.130214191324005135e+00
3.120423407115400227e-01
1.661731071594997111e+00
6.360757390391627020e-01
1.219150773378746555e+00
6.112266231142756689e-01
5.127416851881959614e-01
1.926287180671224730e+00
5.333014471587155247e-01
-1.308055139342545470e-01
1.320846549696323979e+00
4.452133244566104375e-01
5.265147462536453604e-01
8.877242581859597914e-01
7.267918847336438670e-01
1.054790595935046316e+00
7.213493749918994391e-01
-1.945261589726080542e-01
9.094172425184497977e-01
1.292019422958105235e+00
1.018628880492101096e+00
2.082480105431374628e-01
-4.574309667186230444e-01
1.081213610908388079e+00
5.060034286658077196e-01
4.789753457572581974e-01
7.334835906301281350e-01
1.290504169231680986e+00
1.076784303995531822e+00
1.901468631605147119e-01
1.320297095523043307e+00
4.220905678242279913e-01
-3.769299092375861804e-01
9.756192322831307440e-01
-3.120023821657725294e-01
5.702891759218488010e-01
-4.822319790056630584e-01
1.200626301707757859e-02
7.899908609426427031e-01
-4.550165886800769388e-01
6.474668377513715933e-01
1.644858287117751949e-01
3.885079456656623242e-01
-4.811997881200141824e-01
6.688442140413585202e-01
2.084155378343349740e-02
3.194582738907658093e-01
4.636357683926147777e-01
3.124408410429226901e-01
-4.272815532307949749e-01
5.459132462806057240e-02
7.317194411191784154e-01
-7.156659741640521155e-02
6.274142839831406970e-01
5.567397356046097784e-02
-4.637686388159960316e-02
-2.389734340872494978e-01
-3.358303768874087991e-01
-3.678491029919195299e-01
1.153128013882064873e-01
2.089652804257866869e-01
7.233774641962278373e-01
-7.667414554793047232e-01
6.341771438140313411e-01
2.085388427412472601e-01
-3.931689467433779339e-01
4.311901540788415366e-02
1.096769886517530712e-01
-1.230720345492439249e-01
1.432485722299756237e+00
-1.541172341697684134e-01
-3.357134420450141321e-01
3.602194234025294373e-01
-5.743937569103666485e-01
4.147664051088313930e-01
-8.084475002255863130e-01
3.876237547828678687e-01
1.279850962157160987e+00
9.231074689365328378e-01
-3.402247268773875843e-01
1.311123179689876794e+00
3.725179023947987611e-01
4.732918285295651395e-01
6.286458600129408714e-01
3.819392473690926826e-01
9.353733117230316196e-01
8.773218387655878914e-01
-2.807466293704148352e-01
1.377847398989966665e+00
5.421350164352590761e-01
9.630290550413078687e-01
1.293707131958992562e+00
4.048994641884536283e-01
1.322923629149727942e+00
1.465975949193568439e+00
1.023456948462169169e+00
-8.632985039778751091e-02
6.125385161876868434e-01
5.879432118476122238e-01
1.266659981978954574e+00
1.054933645390870200e+00
3.536260921446297001e-01
4.833367148427831217e-01
1.175261064730473315e+00
7.920936467950133730e-01
-4.131715009361180968e-02
1.657695274240194472e+00
6.602718562132154911e-01
5.910391885022771019e-01
1.347301157375692338e+00
1.323927559670609266e+00
1.337515697372348322e+00
1.514226367556596120e+00
8.589238651379910161e-01
7.094759885327317495e-01
1.605379575308278906e+00
-3.090860725107500429e-01
1.859018664601728377e+00
1.446270946522663969e+00
9.677744629705860024e-01
1.530589124918415589e-01
4.805120972586081063e-01
5.041209589828300475e-01
8.749109074860690338e-01
-5.242680690002291533e-01
2.138379238250220915e-02
5.920828351100071441e-01
8.277880983335406118e-01
-7.775953997509177373e-02
5.023658918742243129e-01
2.168454564152402786e-01
3.480138612515726315e-01
1.077034967579485913e+00
7.844042521720850925e-02
-4.641834054884602101e-01
7.639246875682810245e-01
9.172217618483974322e-02
3.685719605614237171e-01
3.174022742358685867e-01
-1.009630971232761132e-02
9.875106723420141730e-01
3.588292463898354878e-01
7.150808544415929169e-02
-1.521719884270787970e-01
7.456028854365659431e-01
7.686324098334398336e-01
-6.707774897378389056e-01
4.633625408310298455e-01
-9.987664280303153452e-01
5.724519037954540757e-01
7.185554738010579978e-01
2.643204941602905200e-01
-4.948405074630488065e-01
-4.020866026794497894e-01
4.937061110316044721e-02
8.153528449284715984e-01
-1.047359500774053265e+00
-6.835000642436694918e-02
6.793819803666399648e-02
-3.633220293408586099e-01
6.338385026046089443e-01
1.133155154098955814e-01
6.537909104812889005e-01
1.285129743230166488e+00
-4.040207334476645928e-01
2.725269539596101298e-01
7.659672659452759769e-01
1.719859743769023286e-01
2.657047135227294521e-01
3.188757959799400910e-01
6.798630435185529231e-02
3.789034971119210615e-01
9.056791491728077848e-01
1.776340065314571781e+00
7.984708847387884667e-01
1.249543004446279859e+00
-3.350829522634803381e-01
1.236920207664290450e-01
4.989143804238009294e-01
1.024100526145864665e+00
1.052195448856187321e+00
4.312158570920698875e-02
5.692190467152203892e-01
7.478355716568096945e-01
1.449108806501606117e-01
7.916768806075872300e-01
2.663770153324785950e-01
7.661021582564125909e-01
1.444695510547425066e+00
9.634609824140689671e-01
-4.151659814977650687e-01
8.404684904530568268e-01
6.451694275158850189e-01
-2.059842791844315180e-01
5.416482477814431595e-01
1.881310898701570755e+00
1.301570478869479297e+00
1.052942227187515511e-01
1.491229295729541882e+00
7.794148742801920715e-01
7.540135984680950143e-01
1.169700188074020986e-01
9.785569658598880505e-01
1.235816599239752067e+00
1.931368933461837578e+00
8.834472624550235853e-01
1.355688469355678993e+00
8.030220266305817534e-01
4.053660768360942690e-01
6.989051129729737522e-01
1.095336502095887843e+00
1.180677680936073282e+00
6.160895555933928458e-01
1.991074919236988094e+00
1.337415418574417147e+00
-6.604970513655938902e-03
7.779826776488454332e-01
5.394355297704540586e-01
6.620073389536160757e-01
1.923181798231446971e-01
3.386755769619842482e-01
1.086217186846886174e-01
-2.282643800035282222e-01
4.285325585587046460e-01
9.505855456261119718e-01
6.034663345196923379e-01
1.190934390214963834e+00
1.077805940782148086e+00
2.867051421861120941e-01
3.316235946746814989e-01
1.008559069280416276e+00
1.686500266117102242e+00
6.631054940494505168e-01
7.033764567301922233e-01
5.380065122206771910e-01
-2.611706457441569929e-01
3.808193798373044059e-01
1.108521244835258823e+00
-2.525970986746339797e-01
-2.936397508909716070e-02
7.091260515366308859e-01
-5.671540096994032165e-02
-2.499747428810069616e-01
1.367707882478015557e+00
7.717133594140650477e-01
8.220585503704535002e-01
1.891049274870685304e-01
-9.212701327958523478e-01
3.876110506907889386e-01
9.440649312160901419e-01
1.477192918430023649e-01
-7.184508663512203519e-01
-9.102966057005433542e-02
1.485936263266760260e-01
-4.718034160284746981e-01
-5.016024596690817905e-01
3.384848140534350569e-01
3.030451405075847982e-01
-5.888012457676585765e-01
1.141796478939185899e+00
5.961696014604952465e-01
-8.832108876588820601e-02
1.098195250123279232e+00
-9.410883870511194127e-01
1.649925444921727380e-01
-4.603839690950902175e-01
-5.923990873506296273e-01
1.020443655152283302e+00
1.095396785203477108e-01
-4.461022009723696335e-01
1.145669120640579575e+00
-2.557310631420331437e-01
-1.562801293597791963e-01
6.144707369458258794e-01
7.639458848956387493e-01
-5.916420463092962878e-01
7.613636345488203894e-01
1.728610443144761977e+00
7.450921641260320749e-01
-5.537654376085801022e-01
9.012913355044953612e-01
-2.629875186186305669e-01
5.850611573736262949e-01
1.184669289028222661e+00
1.530248304948921834e-01
1.437873719355687196e+00
1.398256538986873299e+00
1.154424996638850676e+00
7.674175555095876788e-01
1.019174855726604045e+00
-2.954921302748974021e-01
1.538743145549290592e+00
5.689035002120499396e-01
3.060656140237582590e-01
4.829370022529133610e-02
5.541702980434048964e-01
7.641491618170622724e-01
9.517601443133518746e-01
1.116221085913140065e+00
9.844993611372288012e-01
-1.079578140306247658e-02
4.706029248401215614e-01
5.030305934189868156e-01
1.136234128189746784e+00
1.073342812664975998e+00
6.724479929653022214e-01
1.176590554867488425e+00
9.765383232915424427e-01
3.153356106293826455e-01
5.109961561850921985e-01
1.259909986760844314e-01
1.314736330871497660e-01
1.403074445439274065e-01
1.614678233196111368e+00
5.440324315991839077e-01
1.204209782442533516e-02
1.648187684892412630e-01
5.790019945703361870e-02
9.137611842097830284e-01
3.737949268387097956e-01
1.318587454674879034e+00
-3.032067033479812768e-01
1.483126682253765649e+00
1.520360512951729470e-01
8.484083232882696501e-01
4.264366390978150401e-01
7.728834516961002876e-01
8.893181571510696548e-01
-5.082777590471279083e-01
5.280658114237052336e-01
-3.144351369052177381e-01
3.910489154888174834e-03
-5.859040520062896995e-02
1.447196122089768444e+00
4.146778014201657481e-02
4.127981766952068532e-01
5.910236695126119821e-02
8.882477808776612083e-01
2.586533649336576479e-01
1.591671615592848144e-01
-2.969745429366271727e-02
1.064062907341741582e+00
-2.867183829925966654e-01
-2.735724118878940514e-02
1.727900376533034743e-01
6.535117906369932728e-01
1.179748376830094120e-01
-7.087225220971686834e-01
6.873663201979003656e-02
-3.218677501662454699e-01
1.220614082125426325e+00
-2.938962661183367464e-01
9.437688816308080764e-01
8.425543344396588807e-01
-5.978411096026560179e-01
7.020134023158272063e-01
-4.367774949454568678e-01
-2.048665940413819386e-01
5.019467346834249888e-01
9.651031258594300333e-01
5.220613014350072856e-01
7.811449918495403377e-01
7.551826157170814235e-02
-3.419076527080687766e-01
9.901739887504685811e-01
7.389249260201675717e-01
5.818807840708624113e-01
-1.081856242115543654e-01
-3.585636159676337531e-01
1.311933253653927212e+00
-2.356581003873297608e-01
8.638109130349542752e-01
4.679708131344304523e-01
2.027624716732528143e-01
1.076533663557319165e-01
1.098479169927784049e+00
1.318533105926923965e-01
1.705969601282505965e-01
-8.065969162718873431e-01
-1.569790955690342216e-01
1.768705453170491104e+00
1.051711828961908513e+00
2.815014949948211331e-01
6.590934106953433291e-02
6.765234775209638673e-01
8.056624802457117429e-01
7.445909630158050740e-01
5.736269616641528346e-01
6.995968879539437024e-01
1.323954473195436687e+00
-4.235056925306079911e-02
6.140025296668361054e-01
1.300036345673299731e+00
6.886935833153887687e-01
2.545798388719709981e-01
7.769333868583153668e-01
1.163868678665831657e+00
1.384002196476137536e+00
6.458352247241277988e-01
1.832535106592790619e+00
1.022920875360900705e+00
5.211808431984551460e-01
1.179866423166796796e+00
4.844104356241427656e-01
1.260130034060349180e+00
-2.805023284644914128e-02
8.155518412993467692e-01
5.717954540680703079e-01
1.169040544699786466e+00
1.171386894940956935e+00
1.473377929871835246e+00
1.021071255406281963e+00
1.653064173532103442e+00
1.820664575986888023e+00
1.668034722027569527e+00
1.018259741770407123e+00
-5.533783615746750151e-01
4.888691406772920911e-01
1.318710151256855090e+00
-7.264046117522238166e-02
5.443073328572748393e-01
8.748507242904145498e-01
1.378470523925870328e+00
1.900413841753134214e+00
1.875047372030462789e-01
1.012407053338109320e+00
8.004342466760192565e-01
3.004570203605499978e-01
8.745579841227483220e-01
-9.896714267030906065e-01
1.371721100691021489e+00
-2.074328735574214599e-01
2.400946746804205612e-02
2.432661225628527935e-01
8.927310419196515801e-01
4.088631339088815153e-01
2.440571330063647237e-01
8.531054604958037135e-01
9.036802062449070805e-01
-4.872250631427538781e-01
-3.759731152984162050e-01
8.461254845993413376e-01
-1.155150135090172725e+00
4.244179008980755174e-01
2.342669149825677699e-01
-3.004322202846084755e-01
-1.518853843376566370e-02
1.687724701659253645e-01
-2.185311897849290530e-01
-1.926413591309574791e-01
3.934203487224623430e-01
4.320857004708297255e-01
-4.529802200726828487e-01
2.517864088988584076e-02
-7.485350502329596312e-02
2.186919733640259600e-01
-5.877343378937254226e-01
5.861275666888400293e-01
-2.138588854937929773e-02
8.292826445202920727e-02
-7.239270909852052460e-02
-7.074744673865898670e-02
6.466952630236466604e-01
5.319978196375289847e-02
-8.641006766960745988e-02
-8.504181467332139199e-02
3.804971011849310747e-01
-3.298541768027229981e-01
7.356982385082934117e-01
3.450913354906775532e-01
4.981585622430552696e-01
6.734466996795934746e-02
1.360290780945055955e+00
1.196278597010300038e+00
8.076749746692950538e-01
3.338832064368122965e-01
1.006198229782751419e+00
5.552635867308416406e-01
1.070848247842036138e-01
-6.314297990262169868e-01
5.954946334967130550e-01
6.057352011179288898e-01
9.019540854266046015e-01
2.891320280298993461e-01
4.550960964730624281e-01
1.078535341183680440e+00
-7.204160469127910416e-01
1.325358274281749793e+00
8.256913116742136127e-01
3.229352794286617923e-01
8.299631077293068149e-02
6.441807054066548410e-01
1.157396582131900775e+00
1.765066477900050446e+00
2.700267154845592543e-02
8.817538537747360294e-03
1.184456083086701916e+00
1.471922066164940812e+00
5.435585693134579177e-01
1.326101200903736510e+00
1.106226181094085215e+00
1.330340325555909420e+00
7.515778830177958225e-01
1.406803974557123915e+00
1.120111386638396711e+00
5.698145928614779532e-01
9.498466084940569987e-01
1.580572819212647140e+00
1.016591850123809593e+00
6.677983343617206469e-01
7.855475454973688265e-01
6.886114200222490656e-01
8.362365489020590070e-01
1.471111664047211276e+00
1.572858805838758478e+00
9.132829070586494513e-01
3.933488755346281618e-02
-2.901188796487808030e-01
-2.984259134906479538e-01
2.464817581779843447e-02
6.991742757954100274e-01
1.715510029384919699e+00
4.530002598781896483e-01
1.312109953943158214e+00
1.654716861716627907e+00
2.392484921679354781e-01
4.959664167014157798e-01
9.184513432555589940e-01
-2.582001895459505869e-01
5.759930101476565811e-01
5.516054954371439889e-01
5.329394369731281778e-01
5.560348993147253838e-01
4.807432415092988132e-01
6.584334144782892917e-01
-1.355449653550211964e-01
-4.482250063742980739e-01
3.637026407807834594e-01
3.785429046922194063e-01
4.033943110228526141e-01
6.874074361273974088e-01
-9.678494619874483673e-02
4.305209034650491762e-01
-5.141230856697903695e-02
3.925790546469922759e-01
7.198893440599001270e-01
-8.143717094046193372e-02
1.456676136294519919e-01
8.955934334222437343e-01
4.488391615816678670e-01
1.765394710595943606e-01
-5.979374562053234587e-01
1.189842830155214554e-01
1.399776184143920466e+00
-8.897028213512262473e-01
-4.878215278362619811e-01
3.293050424760049499e-01
9.351727968559420123e-01
-1.257500719839017844e-01
4.843659885598663450e-01
-5.363897599336087119e-01
-6.833118442689891658e-01
3.806310539874807608e-01
3.941156277182574774e-01
-2.351733777714060114e-02
-1.320769347841395103e-01
1.182010569778681353e+00
-1.109201908457375430e+00
-7.165088484996545715e-02
8.307569789913041847e-01
-1.427323383113034971e-01
-5.857421384512346840e-01
-6.215129034037181199e-01
1.802747850720493872e-01
3.294773124334416381e-01
-6.746466777079581645e-01
2.360324984643524526e-01
5.386342192230068049e-01
5.342473605791296931e-01
1.130418384239205931e+00
1.007938617358794087e+00
2.123601525844108218e-01
-4.080714701439712710e-01
5.862988708433380936e-03
-5.788880414126129637e-02
1.571308319367318962e+00
8.444045395781178964e-01
3.327563954838079208e-01
8.450520109855663708e-01
1.034822096513685175e+00
8.864992650151404252e-01
5.821042826063347331e-01
6.983012793198062340e-01
1.307315819703015691e+00
1.485564239160309885e+00
1.570031953302242211e+00
8.420571828328600184e-01
1.209407078169438821e+00
3.277245249782553271e-01
1.489889146769831640e+00
5.649107175109540080e-01
6.696447953530744179e-01
9.330336282487315946e-01
5.143098383528554862e-02
9.330843205764117743e-01
9.758959154604576192e-01
9.405886964008620676e-01
1.247621166512214774e+00
6.117363108396580706e-01
1.626365706762191055e+00
9.798598164865736093e-01
4.585975728800381623e-01
1.027021005828088418e+00
4.375276886814319366e-01
8.911625482583076518e-01
6.415811476074100295e-01
-1.152830942770444178e-02
1.858691232210781807e+00
5.456996507118893058e-01
1.112341472753337168e+00
-1.747704940374391613e-01
6.872740769689802409e-01
4.130051557436025256e-01
1.839016611587875438e+00
1.301521748694654423e+00
8.689307843272673360e-01
1.347992007176327389e+00
3.729871525149586198e-01
6.945899574838129142e-01
6.331283896795524280e-01
6.560350056929270535e-01
3.310469043374300036e-01
-2.428024269551515291e-01
1.651814369986413511e-01
1.055813733121362841e+00
2.483156210548248255e-01
-3.214531787709140609e-01
8.733026728441222186e-01
-5.361370118040198474e-02
-8.290218495491435968e-02
7.986076225976853626e-01
3.611438961892096122e-01
9.650682660036561389e-01
-2.462541000677592740e-01
3.917655428648237903e-01
-3.601972127540890023e-01
3.192410632236142298e-01
2.559838287075550944e-01
4.888080090661618415e-01
-1.919761814552738421e-01
9.719103019711947677e-01
1.452899184124071263e+00
-3.637787468512120315e-01
6.009407268807149816e-01
1.455292585563133512e-01
1.474578699232366730e-01
-7.469232896725550575e-01
-3.111497787799650805e-01
9.031727066784317470e-01
8.712553551553152698e-01
1.187519566094465129e-01
-5.752001653030096584e-01
4.541968915322193157e-01
-1.477875950636618474e-01
-4.290397731043243956e-02
1.118805672646339122e+00
1.373317906682875789e+00
-3.056860386286239795e-01
9.512114217775425873e-01
1.439285946771245994e-01
-4.951700541779302522e-02
5.504560406693436159e-01
-2.981643615472698849e-01
1.175504226143921693e+00
1.012439374922964541e+00
8.177149204232059265e-01
3.158731851075852193e-01
3.509431382612615558e-01
6.062464573346952879e-01
1.289531242949119916e+00
2.191518095171927527e+00
9.938596336445874035e-01
2.631437556568985148e+00
1.078563589114487131e+00
2.161632455174669065e-01
1.666286780736362605e+00
1.937579141100401525e+00
1.006434434788156418e+00
6.169683234487887136e-01
2.010835123813621284e+00
8.458630440638823522e-01
1.070100668226308116e+00
1.016939017268326140e+00
1.730704791230224693e+00
1.954663505231596154e+00
1.865042941068821403e+00
2.072634030710245323e+00
2.127594249265735371e+00
5.656135523435348311e-01
2.139052670885311258e+00
1.430959210242058965e+00
1.501853423490171258e+00
1.552386497766669260e+00
1.834713162090447103e+00
1.245228578710797507e+00
1.330192046080532542e+00
1.608991487931291875e+00
1.606914838054692485e+00
1.774999279338713487e+00
1.430589799981663912e+00
4.994823718958294467e-01
2.283350746521539243e+00
2.370329337141286352e+00
1.977788969755799320e+00
2.283666402938111961e+00
1.520795868882245383e+00
1.555745634933568544e+00
2.285707122669839109e+00
1.402176191767825486e+00
1.738804114254470345e+00
1.623677645389925539e+00
1.672999927508139306e+00
1.847770186208355092e+00
1.395522465520957045e+00
1.414009466066309395e+00
-8.886276758928568498e-02
7.719600914023956317e-01
2.149077177331371491e+00
1.176477211669051171e+00
1.296525843391256982e+00
-2.431093972583919793e-02
5.384548204095266355e-01
1.551728652365862438e+00
5.499995476246355430e-03
9.047507369014227141e-01
4.095808476062138270e-01
3.108821597989642749e-01
1.069246791398152041e+00
9.665753133235317485e-01
9.519500307863588695e-01
4.599744240699322750e-01
-5.770281353415255277e-01
-1.546351807108582443e-01
1.416059718953967650e+00
3.826816937063718949e-01
8.448514515322930185e-01
1.812485373386368837e-02
-5.283535490640811627e-03
-6.805677111080215003e-01
2.419211223683502276e-01
-3.890250178156546834e-01
-1.521473850147891937e-01
-1.985411358741267784e-01
-1.341407844785404979e-01
-1.430416581671500320e-01
-5.004178011398703330e-01
-6.933710207695666927e-01
-2.164528552717682741e-01
3.015763939185047704e-01
8.267434998184539641e-01
8.203006166401154431e-01
-5.289989828547839723e-01
2.836238049117306148e-01
1.289213356157909773e+00
3.701282830918600775e-01
-3.705978185457650120e-01
2.160324996078942128e+00
-2.719296019727048819e-01
5.549527380250426356e-01
1.335431408168641365e+00
-4.681925986245151217e-01
2.911546967288868304e-01
8.084804116639893179e-01
1.129030923809255516e+00
7.733164550265351211e-01
1.255139479844906703e+00
1.244198507901472794e-04
1.558684972055179419e+00
1.934219637620200771e+00
8.212325406031267816e-01
1.867867329447377323e+00
1.217430785526671277e+00
1.012094109073929271e+00
1.319539124805113151e+00
1.422833354556835683e+00
1.151683711997178117e+00
4.131426295057233355e-01
1.479499179939224529e+00
1.914133087786843435e+00
1.928266249737545346e+00
1.578963950282989748e+00
2.228413311768012939e+00
1.458609898080170941e+00
1.507090902384927489e+00
8.455421873090588347e-01
2.553883739641221950e+00
1.813532070546636010e+00
2.000730511446823456e+00
9.668726478724839479e-01
2.356821438038264827e+00
1.426246789196178089e+00
2.121027529419106106e+00
1.188353782811927939e+00
1.107899129961257945e+00
1.657557186253070691e+00
2.330643922784287447e+00
1.605350504793721989e+00
1.968031852179296104e+00
1.497142062708397781e+00
2.051893066484915540e+00
2.114642928894444385e+00
2.311484943155912575e+00
2.623694986164013976e+00
1.361090508371646246e+00
1.044212202662726963e+00
3.270407727004172926e+00
1.829153551503785335e+00
2.057185165683365291e+00
1.491699138882799591e+00
1.088681796777523303e+00
9.907389018360148736e-01
2.403633674716718183e+00
1.704906768553924090e+00
9.492774882601120456e-01
1.633662837011391478e-01
1.484550780427297045e+00
1.022081353564166628e+00
2.107049808742274877e+00
1.177802658332923746e+00
2.183745007851864095e+00
1.621208353410100722e-01
1.080588507040343149e+00
9.001177126078424573e-01
2.029261497083234556e-01
1.110803522548849953e-01
1.536931123704725177e+00
5.618891229907384544e-01
1.115378903205876959e-02
-1.220654809870856949e-01
2.072589190675211412e-02
3.287787072768600383e-01
7.249008507365020115e-01
1.446811265458279649e+00
1.234478450386260029e+00
-2.376014578362494190e-01
9.149231233368930738e-01
1.613915712456261142e-01
3.145846826228279602e-01
3.127373414947257624e-01
-1.863733769395743978e-01
4.239866169788930605e-01
-1.682066643700801944e-01
-2.893236273091843724e-01
-1.087851900658726390e+00
3.122976235465257239e-02
1.305474334224055247e-02
2.607247885470175830e-01
-4.238618575042771286e-02
4.259576656182897381e-01
-5.010296467414191435e-01
1.518311050080171309e+00
-4.623989156016005131e-01
-4.107791081807554701e-01
5.976681207712009058e-01
1.064473245159378578e-01
8.920928089293639340e-02
4.299729160570472386e-01
-7.780037213634245497e-01
1.071118557433879070e+00
2.100398057153872067e+00
7.856922743070213766e-01
6.668418502681112692e-01
1.211553404882209861e+00
1.654657626372048274e+00
6.631583511176634138e-01
1.288363610816777749e+00
1.209669778876245605e+00
1.343446241055487045e+00
1.441782011591945745e+00
-7.421674848694737037e-02
9.596537545281358383e-02
9.128267748148447547e-01
8.041845258636046712e-01
-1.181310901418923809e-01
1.148863436413384509e+00
2.596040618856148008e-01
1.600531112563047031e+00
9.314148066523622038e-01
1.455002662339214936e+00
1.752676684614804081e+00
6.793629393061968447e-01
1.296348385931904934e+00
1.688039832499724335e+00
2.193907115776010830e+00
9.465619992158762486e-01
1.264689106263999552e+00
6.794974716792947511e-01
9.617031604987258397e-01
2.035223616689315840e+00
1.421584265104317568e+00
1.757835483316096958e+00
1.596260837601545024e+00
2.370453319909247902e+00
1.199863681075486799e+00
2.101167229024598182e+00
2.551490417198806426e+00
2.466919862212300085e+00
2.361600628297020776e+00
1.455966262746352546e+00
2.211945788507993615e+00
1.323953307480950858e+00
1.964538278766905455e+00
1.411934329678084410e+00
1.834950014158745368e+00
1.929599540651596001e+00
1.920812787384533982e+00
1.198127510055861933e+00
1.351745535680174193e+00
1.440595832667520559e+00
2.388925692983206783e+00
2.021606972626697640e+00
1.750057941804977979e+00
2.368506523952789600e+00
1.229833702773843296e+00
2.582236432593647990e+00
1.033518438735661737e+00
1.690374435486964533e+00
1.319209122498011366e+00
7.936661161962555999e-01
1.298249259176825321e+00
7.614571740849496173e-01
2.669804137552916679e+00
1.920379961855480655e+00
6.650674363167811132e-01
1.221035222633077399e+00
1.284772697219114246e+00
5.542040528548629608e-01
2.229254490205473394e-01
4.383436942646948276e-01
6.693349299308727351e-01
7.460744686254382474e-01
-6.304582889665196754e-01
3.790117407187643117e-02
4.361424372948473072e-01
-6.438336172107606004e-01
4.591099049694852274e-02
-8.021589392169191646e-01
-3.034152560420028122e-01
5.923436863204667446e-01
-2.374146333588743607e-01
-6.164855546041937417e-01
1.545428053463323792e+00
-1.500854443843838426e-01
3.576205588208239972e-01
-1.195460753636157086e-01
4.509870226652799852e-02
-9.519178062490768477e-02
2.406222487874378757e-01
-3.149843702180233351e-01
-2.806393051381448345e-01
8.073078004181852840e-01
-4.155453818694947454e-01
2.336241978524620233e-01
5.279050141509165073e-01
1.198995384877399761e+00
1.034429844882707727e-01
1.085599215277514018e+00
-1.367809396546246781e-01
1.248147680242288615e+00
1.435525271576622242e+00
4.683871341736212113e-02
2.044990272367607220e-01
8.348138973881502611e-01
1.838578451779916856e+00
8.675430925599070253e-02
1.347401995930979757e+00
7.892465892925280002e-01
8.219883981886032531e-01
-1.722590447070460051e-03
2.012550885042094784e+00
8.601933962864523053e-01
8.503550103763959367e-01
1.983222922484451090e+00
2.223715974882640722e+00
4.368600836560695422e-01
1.232907715159230699e+00
3.923463198186291079e-01
1.291077715286425009e+00
8.113513394514656474e-01
2.046406795348490348e+00
1.013703644937399950e+00
6.291070358205548274e-01
1.857477299999607867e+00
2.552891843656827753e+00
1.496462069167334485e+00
9.139587635048117553e-01
1.502101990186116787e+00
1.748046589594560940e+00
1.278451843875773708e+00
1.507448962446895635e+00
2.324134603618799311e+00
2.225572253841209935e+00
3.080547100797770721e+00
1.446809227112832996e+00
1.319999216191215075e+00
2.603021876118247313e+00
1.533549572883571965e+00
1.644248771345726556e+00
2.245246463902304868e+00
2.995966951636049203e+00
1.595291405503040938e+00
1.859313385556326415e+00
2.071489994898753739e+00
2.491298441334985014e+00
2.151425919484392324e+00
1.852690631391175513e+00
2.028492046084604539e+00
1.899847377616047162e+00
1.635593519602166923e+00
2.419876669344120046e+00
1.301819071224687763e+00
1.888240256305907749e+00
1.708833289535524269e+00
1.078031890587132224e+00
1.069401893305090390e+00
1.890682350409104373e+00
7.652438529687894953e-01
1.122467983027981342e+00
2.095642796950490716e+00
1.109598852837716310e+00
5.019563368463505482e-01
2.201685207282022994e+00
6.008935421173899893e-01
1.381518659910951463e+00
-2.244444776889934490e-01
4.075862312826803446e-01
9.554360618119687176e-01
6.458173094637665868e-01
5.127231081287431103e-01
1.191274284957010821e+00
1.558421982508568560e+00
3.138656626006073314e-01
1.658190023166510318e+00
-6.026031335772397135e-02
3.610830905636445154e-01
8.121333019955251364e-01
5.411605298719878165e-01
2.225576149229428757e-01
-1.038972262432448224e-01
-3.276436109866662783e-01
-9.075048819659092825e-01
-1.152421651238174638e+00
2.128164502637628630e-01
-7.937699577572823739e-02
1.090785899423662719e-01
6.207381935510278836e-01
6.254137440546915228e-01
6.915603140819709393e-01
-6.001177644001556288e-01
9.144087516407926053e-01
-6.753546065495688033e-01
-1.139582637444287450e-01
4.158771887367748721e-01
3.493488558310699488e-01
2.208862181291570970e-02
3.197609693337922776e-01
1.108456374257188237e+00
1.169992091607109597e+00
1.247008602304017888e+00
-9.754794804202466807e-01
5.728250152898927139e-01
4.560096589854689686e-02
1.383488743409352129e+00
2.940630287431209022e-01
1.871322003524767519e+00
1.792932606067589418e+00
1.129008954628532901e+00
1.764810199838826144e+00
8.053245103968875718e-03
1.353967741349816123e+00
1.091167249844596343e+00
1.447918234756965017e+00
2.086000521360785953e+00
1.675016296151295769e+00
1.685577842949181449e+00
1.329166445384446948e+00
1.194025702209463802e+00
1.147353444473907524e+00
5.358059498179742475e-01
1.693537165365498698e+00
8.767497946471153325e-01
1.521109190513133314e+00
7.935251915557736124e-01
2.203716411231293471e+00
2.380423825653464664e+00
2.516654452108610940e+00
1.020205446183927833e+00
6.966047325212216812e-01
1.997949961888799475e+00
2.284037036430455636e+00
2.133962930987573614e+00
1.723442110736739474e+00
1.241274066690415179e+00
1.631317314971614696e+00
2.048181268810820299e+00
2.801879803164885718e+00
2.356354059416610358e+00
1.391040296393999842e+00
1.465098216112548091e+00
1.583228551027207498e+00
1.709923112201588324e+00
2.703359563714301750e+00
1.947994608508764713e+00
2.048604230205379739e+00
1.363054719259713998e+00
1.162557389534360386e+00
1.445000207887150001e+00
1.764462489813275026e+00
4.640036433989009890e-01
1.630802863136440406e+00
9.443111765824589998e-01
1.076589939850020050e+00
1.941385521891157317e+00
2.870747561011105287e+00
1.393695663827280828e+00
1.682227065302899893e+00
1.159790958475469758e+00
8.429393751823093250e-01
1.546011997579115338e+00
1.774723641182643696e+00
1.640704222462826767e+00
3.263442137449265035e-01
1.390007341846332345e+00
1.554496059391957008e+00
9.829969796562805229e-01
1.898277346502584617e+00
1.043134752463750203e+00
1.436472839280352964e+00
1.121744958440045181e+00
9.239774312899595721e-02
4.043158333434752061e-01
1.106696440385821933e+00
7.491576289781506359e-01
1.068870056655933487e+00
2.722439542627991038e+00
6.683421503922667428e-01
2.286934653665060324e-01
1.070227553950144239e+00
-9.772640310474098868e-01
5.711044753372568339e-01
-3.924037749066102698e-01
1.814085280772401720e-01
1.057877238809117770e+00
-2.442582957182937720e-01
5.072254478883031492e-01
-1.291444263907857160e-01
-6.566936221067469770e-01
1.256338919758096528e-01
1.298720647520836269e-01
1.338160730738172211e+00
2.278960460534140420e-01
1.389950904134320542e-01
1.181494618760350335e+00
1.334706532899598175e+00
9.027239839941990640e-01
1.126729728610386783e+00
-5.656524884960340005e-02
1.569503602234991746e-01
1.092734703170500588e+00
4.606207506434752963e-01
1.798606684546053103e+00
-2.173789119518850788e-01
1.226139458015208739e+00
3.779353519270390871e-01
1.102920344548743659e+00
3.758751421783836921e-01
1.336388542392052958e-02
4.853607445144587085e-01
2.318616020621847351e+00
5.082538467823205508e-02
8.481087479156645959e-01
2.296387593496483248e+00
6.207573319626166208e-01
1.800993133334651386e+00
1.486391201293510766e+00
1.864634694073405763e+00
1.131008576624874529e+00
1.210477193763376702e+00
1.280434151662894982e+00
1.053243050867522790e+00
2.100861390989608779e+00
2.076818917942541809e+00
1.205970990512873930e+00
1.173287070872001570e+00
2.649048377402769106e+00
1.626460616832819506e+00
1.315750147642299028e+00
1.343369621426818705e+00
2.322373893246944654e+00
1.447292870774083973e+00
2.216166574753033025e+00
2.528590545188021732e+00
2.331972905582790467e+00
1.982034957051474811e+00
2.045784263167830463e+00
2.334964760902043857e+00
1.868311056688677363e+00
1.969503242737472348e+00
2.072815989146374882e+00
2.550526195643139094e+00
1.401300667416795154e+00
1.810106293407173883e+00
2.159916996597830874e+00
9.931349817147634429e-01
7.895630875655841319e-01
1.118293820358234658e+00
2.707472880538532856e+00
1.195040279048492859e+00
2.032117413086643953e+00
6.585683612407172705e-01
5.897208644336415784e-01
1.784345495189741948e+00
2.665267392752215247e-01
8.431018143242952068e-01
1.992297006216358746e+00
1.449570044205183095e+00
2.207441238425514651e+00
9.352963711757525944e-01
2.053146806701002802e+00
7.462577292151284514e-01
1.067865091752012052e+00
2.532896624970817356e+00
6.874234693179765987e-01
1.408858326522474336e+00
1.003648625403102734e+00
-1.710786478525821996e-01
9.241154032550755737e-01
1.202172192477789059e+00
1.810888042853202595e-01
5.072985475693669866e-01
1.020825975014694187e-01
1.786119615223127344e+00
1.021282770192932787e+00
3.259209008775655891e-01
2.302729201640556222e-01
8.430404770112789326e-01
4.303244313792858322e-01
9.352235305394009934e-01
2.033212380834367172e-01
9.186492642516044249e-01
1.542467625376812979e-01
2.877019670030964149e-01
-5.538254214827629252e-01
9.811557958590862993e-01
5.954817414309434565e-01
5.598496533686824206e-01
-5.143946273309957240e-01
-1.050465375581250305e+00
-4.820282113381832989e-01
-3.506357339984599308e-01
4.806541307017759834e-01
6.311008484658758855e-01
5.039492096044685399e-01
3.160897560807353623e-01
9.488708733866398903e-01
1.226701980692410654e+00
-3.763276071738945183e-01
8.602846834435637913e-01
-6.186364670845390101e-01
3.207118867893761216e-01
1.067729141681387439e+00
8.164651993365164007e-01
8.360849496988161933e-01
2.258146963320296075e-01
7.334652426363720279e-01
9.063788746553910203e-01
3.902621480045893043e-01
6.964334306621765558e-01
3.375757374933296973e-02
7.408183581187826050e-01
6.184359504464340684e-01
1.351076308731861797e+00
8.161461011012149935e-01
9.682338382989433834e-01
1.444602832259343828e+00
-1.310529779555480445e-03
7.173407745034220406e-01
2.553690157073878808e+00
2.452016540538708433e+00
1.310194729702623073e+00
1.783170918659858994e+00
8.807841737186228315e-01
1.541671791828687077e+00
1.199543767989162957e+00
1.387674679017383728e+00
2.549316796221886339e+00
1.786362702022446403e+00
1.615083310764682034e+00
2.169789618451800628e+00
1.801175307246425383e+00
9.569631128677419385e-01
8.432101810998926528e-01
1.086346095145434454e+00
2.320120382465927111e+00
2.443013089026685236e+00
1.692806590900052033e+00
1.131261795455350772e+00
1.585125333613992105e+00
2.330497017397838544e+00
1.294930917222943734e+00
2.357950403118924676e+00
8.500193156637909642e-01
1.661858463109193051e+00
1.758530018616711876e+00
1.078726444417777319e+00
2.130530641043734796e+00
1.877284709674721608e+00
6.664051770841413758e-01
1.611327331763928061e+00
1.942064671278319388e+00
1.148399730689587450e+00
2.046586362117116309e+00
8.013508761705515626e-01
2.038411492314282647e+00
1.048886582923994837e+00
1.109010866948318075e+00
1.788571520062044451e+00
1.132041196343963607e+00
2.221203413049632758e+00
2.647751302322893796e-01
1.540593924992755603e+00
9.685405013318387768e-01
1.188029758943132785e+00
6.395699916044901290e-01
4.583859518823940604e-02
3.505483254638612767e-01
1.485685234601118232e+00
8.412599135304211773e-01
7.652938759061793661e-01
9.247316184247358350e-01
8.498062040109061188e-01
-4.162774336503746175e-01
9.106392572723844836e-01
1.888425654756231253e+00
5.056762485753765191e-01
1.122370681308493268e-04
6.015403526294622605e-01
-4.382328140582979481e-01
-3.781108877937600088e-02
3.648539244862226694e-01
1.253321322461303566e+00
9.154882591437540906e-01
6.407371916050108585e-01
2.842318184676380366e-02
-1.788031689930471013e-01
-1.047860705148604687e-01
5.647545196331048567e-01
4.542474008907384508e-01
-6.837619035767307230e-01
2.971644284755340371e-01
1.450419956769587460e-01
8.597042120606520621e-01
5.155590187279697201e-01
5.382071889646760088e-01
8.013778677817628981e-01
-9.309376397652050494e-01
1.600568728328360946e-01
1.374446970272157564e+00
7.677451115760952627e-02
1.018807020391732987e+00
1.339606189906937583e+00
-6.057822677390570787e-01
6.197021051726173679e-01
8.752464061399134465e-01
1.918748615637284605e-01
1.018875640129768501e+00
1.352833767551054001e+00
8.109336537014592006e-01
5.451966651533300956e-01
9.515121655775450327e-01
7.029210059756709761e-01
1.366201997697241710e+00
3.949988377292107389e-01
1.520991772927145380e+00
-1.409139338953835363e-02
1.089831056822748279e+00
1.510826999117541813e+00
1.129610010828900668e+00
1.311991478596961969e+00
1.141165804930831529e+00
2.340746913714772504e+00
1.478276970027492032e+00
7.523345351188751584e-01
2.569679363797535032e+00
2.761586997119966913e+00
1.719519037408987927e+00
2.392644136618044648e+00
2.384204467643952441e+00
1.512806839646975376e+00
1.482194954243978957e+00
1.520474425365383242e+00
1.352291083807909189e+00
1.649851913547780935e+00
1.428863529735629800e+00
1.302415752026053752e+00
1.477330517910414365e+00
2.266909527811335590e+00
5.646790357828550544e-01
1.355576199506885793e+00
1.351359291706297983e+00
1.768346569123178114e+00
2.094904013004897703e+00
1.554880653471622409e+00
2.024976905210288614e+00
6.546571708734583162e-01
2.348419766118885033e+00
1.260970595924847171e+00
9.413229154606190807e-01
1.995865210868398076e+00
9.870370428027217535e-01
1.173355687145186010e+00
1.315442709818503086e+00
4.500809373816361258e-03
8.763796460354287277e-01
2.091553666044666304e+00
1.519624732608444662e+00
5.577219006267238877e-01
6.637731395076779117e-01
1.317779564803075454e+00
7.355758493955382171e-01
1.496276722794177338e+00
2.249189649388626755e+00
1.074787063036070078e+00
8.303759425789709603e-01
1.005529276110122439e+00
8.362795935580987772e-01
4.374597941771394827e-01
-3.142022235673065378e-01
3.225124658676321032e-01
-1.525084146462896140e-02
-6.287131097316470685e-01
4.783337322292023908e-01
4.322717171456581520e-01
1.266404553541893296e+00
1.657443388117780136e+00
1.423401265968362583e-01
-3.194964831292610441e-01
1.219608535379426706e-01
-1.193118248220066624e+00
-8.752505150991357619e-02
8.151493427752697363e-01
1.052719166405533535e+00
-4.614489999414524979e-01
1.171014797978380262e+00
1.023069240415917402e+00
-2.454971848099778142e-01
-8.628721980686371307e-02
-8.186018119091497125e-01
-5.534492971205476897e-01
2.614508393427815713e-01
7.954240568115051868e-01
4.776406429741922866e-01
-7.474462195561808464e-01
4.136308480691978096e-01
-8.956823572655936427e-02
8.585091153660224794e-01
3.611786293837453976e-01
4.640992923645248514e-01
5.030739644702891811e-02
-2.135728822952797090e-01
2.757806531819002038e-01
3.031238436778811440e-01
7.882326814414297722e-01
1.609987564878906374e-01
7.743712905679719372e-01
4.150091154774087077e-01
2.394553407218613650e-01
1.420343449450324202e+00
1.129784186916405364e+00
1.079793147557707833e+00
9.504715566154586792e-02
1.306704641228561448e+00
1.418521409967232305e+00
1.064212117539604430e+00
1.047329813725734526e+00
1.478662637254504197e-01
8.700947980658879644e-02
1.410879398630902948e+00
1.086259806644962689e+00
2.552630552849590728e-01
1.752012404781705834e+00
-6.744957613851187972e-04
1.358243376938037983e+00
8.007549204812620669e-01
9.553336150295710372e-01
2.382455870152557775e-01
2.155523394416262395e+00
1.696046168201840842e+00
2.735045854078717031e+00
1.257454407627094373e+00
1.846588071841621215e+00
1.162402965910724895e+00
1.556229172019936602e+00
1.348037451805313314e+00
1.905192146163299904e+00
2.094766329429024410e+00
1.374604807160115572e+00
2.401744351149934342e+00
1.892318068793295893e+00
2.046615504356632531e+00
1.819876769326178145e+00
1.557729450926828241e+00
2.159394795160497260e+00
1.386493585297378317e+00
2.122344163176383525e+00
1.316918020127995970e+00
2.693332176933833644e+00
1.368400218058685391e+00
9.832740094721137414e-01
3.432692214568091593e-01
1.588863738865281539e+00
4.265982336989314616e-01
1.816511234773670935e+00
1.304977915789041543e+00
1.703125640853778267e+00
2.176296398286568845e+00
9.796150054447664290e-01
1.063170541370568989e+00
8.790197618847660488e-01
2.059596123724130479e+00
1.450391568878025783e+00
1.341237772436869813e+00
1.815396827615922692e-01
1.382630006494920405e+00
1.396771307333990242e+00
5.090959001028050324e-01
6.105071742384650113e-01
5.389719568181949860e-02
4.784081590698666120e-01
1.573456145845243848e+00
-3.067600440387121541e-01
-6.160684588196231326e-01
2.134259712547337262e-02
2.793884263702241522e-01
7.238486972707638412e-01
8.290046278777913891e-01
9.880237712108758119e-01
1.626318344923078030e+00
8.541845499759093130e-01
1.661500291594230294e+00
3.938805185646149787e-01
2.798360617320197474e-01
-1.134107860940732626e-01
3.200634522453739139e-01
2.730136994094845559e-01
-2.432684275240859784e-01
-6.304520535312090335e-01
4.414941492403646750e-01
-8.140960416411431311e-01
1.214193864501721953e-01
4.121398371788649873e-01
1.539758341053430180e-01
7.213255985081062915e-02
-2.480127642421469658e-01
-5.142514200979941830e-01
2.960065778019252414e-01
2.167558056488050777e+00
9.502567002293312859e-01
2.995287965291917320e-01
8.181059478243501992e-01
1.723042918614686170e-01
5.378766873499269963e-01
5.930376888791852874e-01
3.290656564617396307e-01
-3.863048210312840514e-01
1.484424261263770362e-01
1.450240505439853278e+00
-4.834426791965718007e-02
1.416751027423313491e+00
1.152485791174266083e+00
3.833125446182145124e-01
1.866803362816391587e+00
1.823526060289037964e+00
1.624810023909096124e+00
1.624862232043966070e+00
1.729635204314266872e+00
2.608341167305095798e+00
1.211161775181683664e+00
4.400999069921109896e-01
2.095402433483495308e+00
7.677420429937141799e-01
1.175105321263815839e+00
1.127439089369230762e+00
1.777721344860604180e+00
1.917037201562652227e+00
1.453407445397104647e+00
7.468569613820387199e-01
1.180880820514475404e+00
1.859847288536966792e+00
1.559095305369578632e+00
1.982641198944563365e+00
2.094913602632744620e+00
3.085023687079854415e+00
2.958566231639901734e+00
1.980141084578517008e+00
2.269673288759777030e+00
2.838199657307325818e+00
2.040385583647807977e+00
1.284620579601001955e+00
1.295855987476631110e+00
1.768139836055647063e+00
2.273740687079041756e+00
1.585655270947389228e+00
1.209660831416740079e+00
1.326641721230336746e+00
1.716786600268791263e+00
2.271600833487482873e+00
8.186387172093184672e-01
2.278358691229304789e+00
2.006732614621954625e+00
1.493139375103216482e+00
1.376569558784578762e+00
1.283567123331712301e+00
1.388846439604825456e+00
1.000302255624014647e+00
1.852578757880253058e+00
2.005001122512304335e+00
1.096383571009301949e+00
1.083058893608087159e+00
3.581352856493477121e-01
1.746723547777578212e+00
-4.278516446928861683e-01
1.406784154058289049e+00
-4.033103765458508905e-01
6.718106626999030828e-01
-6.634039550532523366e-01
5.727707296151063332e-02
7.157795329193724632e-01
1.259921513407168625e+00
1.851926188502584392e+00
7.085990481403650065e-01
-4.996723505961663259e-01
3.744891206765788016e-01
-3.540706902340372553e-01
4.110253982978147036e-01
-1.281884237524031911e-01
2.686114822742575181e-01
3.042785884391379647e-01
-4.238679341824708735e-01
9.822779802675827288e-01
-7.213263483324017233e-02
-4.814215310732313235e-01
-1.372445946407748085e+00
2.245376037036296846e-01
4.692040310722045970e-01
-5.457896858862761880e-01
7.128997829717395596e-02
-3.577431167992609073e-02
-1.313045013770448022e-01
-1.291020770523829242e+00
1.641269696935399591e-01
4.610831391946168534e-01
5.013555317659719179e-01
3.997070443295311915e-01
1.566880809273933695e+00
8.684162392670453645e-01
6.563902243145081083e-01
1.274683645218985362e+00
8.319235816864543054e-01
3.870710323626840310e-01
-6.734648818697408501e-02
7.626109403608917203e-01
6.978644051691599293e-01
1.291182388817441407e+00
1.826408067869201179e+00
6.074352710884936002e-01
9.701107973201585910e-01
1.256534936231588517e+00
1.655300187826022285e+00
6.095618537148541627e-01
2.090619737726478355e+00
9.285981958655017410e-01
8.272042293191040896e-01
6.645267256965482483e-01
1.634527053388948215e+00
-2.198402382509921926e-01
9.138738986990222468e-01
4.473902748930254081e-01
1.071940032455838132e+00
8.125844862354015818e-01
1.436219790297090571e+00
1.623159422206931435e+00
1.292530606652360636e-01
6.004513722756941174e-01
6.278513409112584931e-01
-2.607632853444470933e-01
1.070749538829469216e+00
6.290578475650465684e-02
1.023166481945115613e+00
7.898620641400779796e-01
-5.231631284849019847e-01
-3.912770307056028796e-01
-4.137849631563010888e-01
-9.901170974505865696e-02
4.686141724405430420e-01
-3.852991870186173728e-01
4.332217207517061186e-02
7.607361613980270221e-01
-3.054247566460035479e-01
-8.131128700139979015e-01
4.169509715305311781e-01
9.943525939653731216e-01
8.426803549877459609e-01
-9.629741615959619416e-02
1.048338385111316162e+00
2.677120096369576818e-01
1.486403923320610554e+00
1.258243875729101457e+00
-2.228323267775489391e-02
-2.988940299572528936e-01
1.949556288763841239e-01
1.167321740391908058e+00
1.119540275701150556e+00
1.046899780718008266e+00
8.594388231825500490e-02
1.764006072994682039e+00
1.333773695984227015e+00
1.816840061345638357e+00
-1.185017201333095072e-01
5.717170788957168792e-01
5.651978805824056096e-01
3.896989679904364623e-01
5.782616552577495295e-01
1.367105807307290366e+00
1.218456269160043792e+00
1.071509245665437371e+00
7.160149425929469569e-01
1.811621835912437195e+00
6.162133255930875020e-01
7.375797931192009660e-01
8.944161573964504175e-02
2.113553726921684750e-01
5.291666081273952438e-01
1.267215799495694739e+00
4.850820788729684474e-01
1.898291747605974633e-01
5.327357589586663167e-01
9.106549828874754837e-02
6.442391862570961969e-01
6.871057733250280908e-01
8.945743656740167138e-01
1.079084880926996837e+00
2.128399272823999211e-01
9.155150813182111325e-01
-3.779408081137653475e-01
9.415912301077022928e-03
6.054488826529672574e-01
-8.830823280995594438e-01
7.077956790857440339e-01
1.766191553813044879e-01
-5.458694710197995459e-01
3.926916890653113779e-01
-9.350933256808362515e-01
7.437850081445217532e-01
-5.565775414546485500e-01
1.064921656193680510e+00
3.225915488630734518e-01
4.749763749283390513e-01
4.315706650466921701e-01
5.695342919673236359e-01
6.472947141153503336e-01
9.878159107824240337e-01
2.617043515352222571e-01
7.922168940676027615e-01
1.037365972144460580e+00
1.603273182935062824e+00
1.049570896099569328e+00
3.087045703992524759e-01
1.225584288133452215e+00
1.374559114697768036e+00
7.049221381831216604e-01
1.845425158153078282e+00
1.359874192910131230e+00
6.532000523639174272e-01
1.277966939278593062e-01
6.870398065887599603e-01
7.941091439411681607e-01
1.550582825046446844e+00
1.555794130006769027e+00
5.613363392243739813e-01
8.306641782656755124e-01
8.462810383579557616e-01
1.399246540074332135e+00
1.312892416265655893e+00
1.495195595337604377e+00
-1.180757761778799542e-01
1.682807589412469440e+00
4.056839697419945545e-01
5.341645205544933717e-01
3.718045114950372931e-01
2.377272964330073846e-03
-1.098576958532125336e-01
9.071625062789739902e-02
-7.103062136234296053e-01
1.803407207157939340e-01
-4.534254153745683191e-01
-7.701140231653140766e-01
-8.457179421216667325e-01
-8.551152673901812884e-02
-7.987801277543952194e-01
-7.898755169971083401e-02
1.059949443173291206e+00
1.528209491039538293e-01
7.859887715357465332e-01
8.672249521615118528e-01
2.034464791407172957e+00
3.657175994701388211e-01
7.598099812638847705e-02
1.661166248487968122e+00
6.705769719134042628e-01
8.232428356864072150e-01
6.946450560364160198e-01
1.104453631742633224e+00
4.499735628674403909e-01
6.056287976334004952e-01
1.045447613792795938e+00
1.519126407418070812e+00
2.109312134028272112e+00
1.477115311109299611e+00
1.084686803081895246e+00
7.817055699965876903e-01
1.302746756797279026e+00
1.461912964713144358e+00
2.102335932065354740e+00
1.491699029069275539e+00
4.656450366224552107e-01
1.356484028542994213e+00
2.026396976168783892e-01
2.183567392091000592e+00
5.028272742079600288e-01
1.726886419927216920e+00
3.170645815119459421e-01
-3.137429662665658370e-02
1.214903486407010735e+00
9.836546654661767475e-01
6.124199878612174297e-01
9.596332807884853100e-01
1.395064000570439777e+00
4.588391686816853388e-01
4.611437595227081965e-01
4.135913238922048762e-01
1.969219573735589146e-01
-3.241426081342070331e-01
5.443371275570763057e-01
9.050430640531881288e-01
-1.633976328798178557e+00
3.594837339587414471e-01
1.825440220147279274e-02
5.596609092643828332e-01
-1.025631651133311062e-01
-3.968907475298797949e-01
2.944751887550027813e-01
5.117279241134644607e-01
1.017842572984642702e-01
3.234960507264303953e-01
1.681564835110729572e-01
2.294533006104297890e-01
-1.231679062367025512e+00
1.577740354282159529e+00
-3.335166654956478460e-03
2.295809761594566067e-01
-4.588520031262434129e-01
6.419158433828719978e-01
5.931447116751779047e-01
-6.842022211597409420e-01
8.948764757474140241e-01
3.490752829024561521e-01
-1.064045669979396536e-01
1.385525707687073282e+00
1.869697300864578526e+00
7.994232428275700464e-01
7.232710414529174292e-01
1.378647758085183916e+00
1.123064987746392962e+00
9.127032213453383225e-01
6.755126372208932750e-01
1.432122867629412433e+00
3.829793623158472271e-01
9.768516299718754681e-01
5.423576568289717459e-01
1.241534307736070097e+00
8.093777437519569240e-01
-3.766624158327258609e-01
-4.406323838856452957e-01
6.462912488725603977e-01
8.013356499322927817e-01
1.450581821691589557e+00
4.462659993279987081e-01
3.022147705464967027e-01
4.078087411254238681e-01
5.544517381706348669e-01
1.501678426028666413e+00
2.624684411354650804e-01
9.558911170240393940e-01
-6.081598115510822300e-01
-5.384604771289974723e-01
-1.099776920928516449e-01
-1.311467315965020863e-01
3.349700197107090549e-01
-6.474674865733179296e-02
6.477098659802260627e-01
2.563394592862103805e-01
-5.847976951211997232e-02
8.082595704074096998e-02
8.656997485833257677e-01
5.154733548148702216e-01
-2.516422691198784700e-01
3.360486073490043801e-01
1.551369783714455108e+00
8.468562108075342598e-01
-6.692261786542980095e-01
2.091291401105922709e+00
7.158136287888349214e-01
2.505933545203881674e-01
4.967066756239109648e-01
1.876336806540188196e+00
1.116348259624492245e-01
1.126218702508777758e-01
1.092286715510812911e+00
1.033609067102090551e+00
1.051077517956557905e+00
9.040884490999558931e-01
1.176986448194495605e+00
1.251456290521686388e+00
2.389353377022035652e+00
-5.764439598986270674e-02
2.866949047303604114e-01
8.892017514345401663e-01
6.993725610683783067e-01
1.321238341414108453e+00
-4.153872655348433973e-02
8.680995465916827580e-01
9.141665286543283475e-01
5.558521525960508081e-01
3.877538449562906164e-02
-2.059427273650835111e-01
2.301269268917122413e-01
8.315552497517335606e-01
1.065436401904875208e+00
-7.603080570581692843e-01
-6.298302385617916554e-01
-1.396188765082640448e-01
-1.195545701289568996e-01
6.971139659820744239e-01
3.028336122187900714e-01
-1.105694927688337881e+00
3.719575952775797112e-01
1.463266635295844831e-01
7.373324705270578594e-01
1.070709342276219278e+00
3.564355088408712735e-01
-6.094167462114490341e-01
-4.746226909106440184e-01
1.142280276520586169e+00
4.428689010917657431e-01
-4.163230324625840639e-01
1.388395220455774792e-01
5.582784349360886411e-01
1.248648015774731501e+00
8.247682109688023733e-01
2.355099934698893893e+00
1.016944249730061589e+00
9.339058258376958799e-01
1.814640455290684740e-01
5.270959687015870365e-01
8.449649668914749334e-01
3.360241508862193416e-01
4.942057479294370004e-01
1.021927362816448248e+00
4.896181942412833887e-01
3.170619402636585260e-01
1.386244133229251219e+00
4.666552255161587337e-01
1.160658546136102975e+00
8.921203654843888886e-01
-2.874181244968990745e-01
2.040688266400433548e+00
3.171899168826236015e-01
6.416022807966856867e-01
-1.656752445081888236e-01
-3.337475120079587132e-01
1.658456800189874070e+00
3.717841268009424160e-01
-3.436868417659212360e-01
4.777815700894488260e-01
9.592556218447250149e-01
-8.669373907649627897e-01
9.650524247801258726e-01
6.308487770551814977e-01
1.472116511609328215e+00
3.662993207451283872e-01
-1.418605127527163390e+00
-5.017020972408174906e-01
-4.447206690371030557e-01
-9.600363854755440685e-02
-9.791018347842345149e-02
-2.500946414887647573e-01
-1.941882090336303768e-01
-3.655126545954289208e-01
7.930578537670299744e-01
-1.424129415799817999e-01
3.571907908125340203e-01
4.181636496544224868e-02
3.328746642846530657e-02
-1.692222128214532217e-02
1.784060610220402632e-01
1.048882789721283126e+00
1.231608109145349017e+00
6.600589589703986793e-01
-7.918011136496563296e-01
6.978499710570218451e-02
9.131206409488343834e-01
8.649716058651699679e-01
1.038586988864506733e+00
1.997700837517110140e-01
1.666986688573103059e+00
6.584945772212416060e-01
-2.701434240162677858e-01
1.488898599249755428e+00
4.647994321551115471e-01
1.988804728705752867e+00
1.013717060938516656e+00
1.730300591950414191e+00
4.685861559661544939e-01
1.367008733422759637e+00
1.468718928923825606e+00
7.051785384365815146e-01
1.468963333986257780e+00
2.258463637950165470e+00
7.668135243487834707e-01
3.928890244486020755e-01
-6.654418973943304616e-01
-8.543253263923800134e-03
6.826126147879425510e-01
-2.084920261961383803e-01
-2.149191640466363018e-01
7.344895149357140163e-01
6.667895074519598619e-01
6.197205827265988010e-01
1.122130777508931754e+00
5.608594638024257950e-01
4.569583392122530952e-02
3.370541002653340001e-01
-1.140481349116304055e-01
-1.316452325864830852e-01
-4.148150991303124480e-01
-1.557631745576919746e+00
-1.940675449026801336e-01
9.171451125797376314e-01
5.879137193213343493e-02
-5.238111108681098305e-01
2.351981682136710661e-01
-1.209274131361664617e+00
8.392148682205480270e-01
5.211015695335422526e-01
1.013608436431460369e+00
6.159473483768002078e-02
9.794057656652011001e-02
4.593902122622632311e-01
-5.296261470857135389e-01
1.401128343251420327e+00
9.006561657076954663e-01
-3.139987963291325235e-01
2.654258806585578223e-01
1.271845071846448239e+00
-1.316808040338757202e-01
1.403319291358531284e+00
5.563103735679648665e-01
1.641698518511350180e+00
1.145562029723025788e+00
9.585395350700529615e-01
7.547004209437395694e-01
1.132127491876081749e+00
1.273936133611792698e+00
9.640584989929661397e-01
1.703917070560179159e-02
-1.625533821500243503e-01
7.524009614178089889e-01
1.477455799279183690e-01
5.208800865376872480e-02
1.428089351490530179e-01
-4.637968169655218853e-01
-6.457502127379488588e-02
1.181160527659758763e+00
-2.903844344094691499e-01
1.340709783053525284e+00
-4.001381328013513539e-01
1.165248967321443230e+00
1.503672638941139783e-01
1.470354749246257919e-01
8.592114468943973238e-01
-1.069778318458732280e-01
-3.223213290254904884e-01
-7.983188606408803123e-01
-8.316990834221015261e-01
-8.408146634995468105e-01
-6.615922162557281994e-02
6.038116129677646438e-01
8.191054308232901260e-01
-1.110249974347943258e-02
-1.731826525727970245e-01
-2.585692482145242055e-01
9.072902973523249148e-01
-7.388333924039678369e-01
8.101321940841128555e-01
6.576675642964214807e-01
3.465032826682873379e-02
-3.028245176232061131e-01
7.742967964668139302e-01
4.141198219554078630e-01
1.554786322059892090e+00
-6.102442893447823646e-02
-5.366500629058427174e-01
-1.866205148844729544e-01
-8.144661707258726846e-02
1.017963140414970269e+00
1.294631472512814074e+00
1.027655948556680299e+00
9.108204148509843057e-01
1.367064737999255097e+00
1.654980385573677104e+00
2.199164890535180161e-01
8.101078668842638386e-01
8.832892197478224849e-01
1.237467696019087793e-01
2.497151090776033033e-01
1.088592508123900515e+00
3.492965446599538559e-02
7.743949958068158113e-01
7.402879413210655679e-01
-1.591528010192526654e-01
3.050220569121563363e-01
1.492886830107867713e+00
1.361471422815305754e+00
1.502751029911804648e-01
4.139349501969615819e-01
4.306770809327677418e-01
4.544970426101530570e-01
8.368598842908516744e-01
-3.535129153892617726e-01
8.922269687658885839e-01
-1.088934322592659321e+00
-2.306040011223089159e-01
2.854745162253681245e-01
6.434276314664261198e-01
-3.327143493355061432e-01
