4.856048405473798457e-01
-4.435696736259930328e-01
-4.272704741700963371e-01
4.746459076466496563e-01
7.128032248234759116e-01
-1.929757342626228778e-01
-8.391128397224395519e-01
-4.239628461235701584e-01
1.121575816590087427e-01
-2.390687180237469622e-01
-3.456092471083304085e-01
-4.089232642081727098e-01
-5.958039486934753048e-01
-1.201542855422041089e+00
-5.416346114055112793e-01
-3.437332401333369480e-01
-3.296961925496657009e-01
-7.559281065229923602e-01
-8.808577722892624307e-02
-4.298235670506555528e-01
-9.902131218603644758e-01
-2.833531996828170807e-01
-3.851938073467242041e-01
-4.819874934813340728e-01
-5.285897835967925396e-01
-6.789962187616828126e-01
-1.071043810386577366e+00
-4.227635623932406439e-01
-1.119355031122850175e+00
-1.022754199487448057e+00
-7.481173642852535499e-01
-6.374898278101774896e-01
-1.412807819336776571e-01
-8.191556420291576934e-01
-8.509951063260324799e-01
-4.398785113818532988e-01
-9.170491912023570613e-01
-2.578122058004372885e-01
-8.748735092287157622e-01
-1.357736667783422391e+00
-1.173546041715486599e+00
-1.032248879287585464e+00
-6.705653245306829602e-01
-5.944458862726234027e-01
-1.536278051252416788e+00
-4.697292622894971847e-01
-5.146857407061439238e-01
-1.177381798791521383e+00
-1.006506990838373916e+00
-9.131488599038387610e-01
-1.419846544777368713e+00
-7.169620431657603987e-01
-2.109503577130622531e-01
-4.024759143205011158e-01
-1.021197030885470536e+00
-1.214552087421486570e-01
-3.143484552919518782e-01
-1.303664779792909290e+00
-1.286587668174381527e+00
-8.354418380124921661e-01
-5.925282748295516155e-01
-8.190483308491580683e-02
-4.011186505782909362e-01
-7.382595526838295896e-01
-5.977956072486204642e-01
-1.215556073158217787e+00
3.280674352063351895e-01
-1.798062700637634292e-01
-1.226520039346802315e-01
-7.272416721247411120e-01
-4.657389910358339935e-01
-7.933005592857155230e-01
-1.242560519082693826e-01
-5.248772568815842643e-01
-9.725693446222163363e-01
-1.933279294903365031e-01
7.545045041394204954e-02
-3.700260547762476149e-01
-1.160662425358421679e+00
-7.175662710415091627e-01
-4.629682861767886459e-01
-1.153333825686357339e-01
-2.789050617629013074e-01
-2.482978562958913504e-01
2.408228175629039680e-01
-7.121472706993272617e-01
-7.391299409162928047e-01
3.278879822148340617e-01
1.399395061163289933e-01
-7.373226647280053392e-01
-3.563993548039298687e-01
-8.120540752186626854e-01
-6.889286570796246401e-02
-9.039525861102842841e-02
-3.844350016591208119e-01
4.980343488091201753e-02
4.252958914232101706e-01
-2.463598504816273405e-01
5.498900077625894917e-02
-3.615237901998576420e-01
3.602287491223712945e-01
7.175024271855534597e-02
-3.258989397756895667e-01
-1.230518042763265818e+00
-6.673927571634244438e-02
-1.119272552701014029e-01
6.201830630595275284e-01
-9.597225671446688033e-02
1.355039166159179853e-01
5.126249960717965681e-02
1.085948243962315540e-01
4.336940810230401899e-01
5.163014226439743837e-02
-5.173062155922056871e-01
-2.041537378641827272e-01
-8.736836677037682630e-01
-5.821330284874490779e-01
-1.368392402040258249e-01
-6.846220693723121808e-01
-4.521001351888071507e-01
-1.023393188895991956e+00
1.670516969571713140e-01
-7.243228399874875878e-01
-2.891049556602134363e-01
-1.499705600786121362e+00
2.334038005367198299e-01
-6.288999361685135847e-01
-1.110720189635426181e+00
-9.464149935601562369e-01
-7.860774386863632612e-01
-8.084074826827692961e-01
-2.760470532505290842e-01
-7.294659078413093800e-01
9.105803803208856184e-02
-9.908607292665300159e-01
-1.113729315384176077e+00
-8.455735402318766969e-01
-8.254985088731374709e-01
-1.185237641973615919e+00
-9.384951462805728450e-01
-2.004136016661556274e-01
-1.173116240375317698e+00
-1.298166087912238309e+00
-9.249493612228049111e-01
-9.745467281900127565e-01
-1.356605256122692449e+00
-1.235336687150681456e+00
-9.698559994808348961e-01
-1.764783356389108437e+00
-1.088281222316535901e+00
-9.963447330536447932e-01
-8.034532052164085059e-01
-8.743669187486177163e-01
-6.021103974596324626e-01
-1.334263602012899064e+00
-5.550550429693654753e-01
-1.077436774961692434e+00
-1.339387557002471807e+00
-1.306931460238034193e+00
-7.764498289727010949e-01
-7.382967380325103912e-01
-1.163972990780395067e+00
-5.049092636373623266e-01
-4.505944238709961858e-01
-1.342392869242146958e+00
-8.462741396728082899e-01
-3.655025303736377795e-01
-3.265553236422542582e-01
-6.315846185336420060e-01
-1.131866257503063133e+00
-7.026009156667392119e-01
-4.504466757257836740e-01
-5.660358007791618240e-01
-1.186840408019313453e-01
-6.877468713327420380e-01
-4.690914974762585010e-01
-6.923587114368360274e-01
-1.941389475031472522e-01
1.983817785508112941e-02
-7.835653596333593818e-01
-4.542512812859150761e-01
-4.118431237582787507e-01
-4.506848480229784792e-01
-2.113349408405158503e-01
3.816624687710006847e-01
3.216962817049923706e-01
-4.143372295727441590e-01
-1.873466983200846869e-01
-5.480480132061487097e-01
-9.356800543645349411e-04
-1.095530595719412803e+00
4.834932490382383707e-01
-7.304255536677457528e-01
9.995542123918185196e-01
-4.762806671106656897e-01
3.094940452298579059e-01
-8.231650075791744348e-01
-2.429871122544740303e-01
-6.264402449055092026e-01
-2.091298787538373727e-01
-6.465075337773389108e-02
-1.635006966494072511e-01
-5.233158987252386485e-01
-2.190016265284705499e-01
-3.209360894140604881e-01
-4.993530749430618587e-01
-1.779363675961142532e-01
-4.292043323516263609e-01
2.556635356470603471e-01
1.151747119158538779e-01
-1.886623384519483526e-01
7.436273917844610226e-02
1.981197457039741705e-01
3.241409974967583985e-01
-1.914893330844231745e-01
2.984371826838264075e-01
-5.703719585217814636e-01
-4.905081288653944105e-01
2.591676964052380683e-02
-6.511895684192019473e-01
-8.075072798270492846e-01
-4.866756188925959736e-01
1.612883562994266162e-02
-7.621825778403211737e-01
-1.697432466412829299e-01
-1.111966622269003446e+00
-3.302402554506966292e-01
-6.511469760359777093e-01
-7.871324742801304453e-01
-1.838165995523929341e-01
-1.019126603912107409e+00
-7.534876497987142985e-01
2.295429439398254390e-01
-1.080760517709222768e+00
-8.439519733413068936e-01
-8.972022794740017737e-01
-7.368451433371607795e-01
-1.459158670035674232e+00
-5.520764308274244136e-01
-7.130922773466829012e-01
-9.013149263875243067e-01
-1.133790713694085239e+00
-1.050509232492701894e+00
-4.904252809034156391e-01
-1.124390255125850002e-01
-9.322366002917260586e-01
-1.627102005844582866e+00
-2.778561885309791535e-01
-1.622504409458771502e+00
-1.344387718665378761e+00
-1.513670636639755207e+00
-8.191886113146364945e-01
-9.638355128044479025e-01
-4.590562299733792484e-01
-4.800336291484197382e-01
-9.990895600868850979e-01
-1.412757378527993879e+00
-6.991747403546104689e-01
-1.474792722515304355e+00
-8.819026763537833880e-01
-6.183790223667047226e-01
-2.839537330936542370e-01
-1.504705445937489783e-01
-1.520932725912499395e+00
1.714306263401454977e-02
-6.015988392668405460e-01
-5.969183761627743223e-01
-5.028138577144170007e-01
-1.089610608040531003e-01
-7.175532939806373856e-01
-7.882092342484132708e-01
-5.539404710891904227e-02
-8.559666816853546134e-01
-6.360814864106509869e-01
-9.704788083704247725e-01
-2.516341681860767565e-02
-7.613029055781874721e-01
-4.865158881612255404e-01
8.074277828729065076e-02
-2.284156558643650192e-01
-3.700543563587941898e-01
-4.168866619357512460e-01
-3.029883913571749243e-01
-7.786532065914696377e-01
3.853277262914936441e-01
-4.051876900450868124e-01
3.062632602585736441e-01
-2.624780840285700356e-01
-6.821395611186534813e-01
8.436194068345367891e-02
-4.267798086770815402e-01
-6.534237588068982916e-01
-1.381141389425670218e-01
4.844857995667217754e-02
-1.353229218684835200e-01
7.750398699720628670e-02
1.802029882455379872e-01
-3.348864044498812143e-01
-1.211337492440180963e-01
-5.313268537908480971e-01
5.020631141445779377e-01
-4.639109500385079077e-01
-3.650178104140580637e-01
2.771956053671985054e-01
-3.233492226611590636e-01
7.015693178332639279e-01
-4.199524018760011357e-01
-3.274575020655939861e-01
-2.678065808893437816e-01
-8.535405230174319957e-01
2.187509458742080415e-01
-5.659329531624665566e-02
-4.191268513161410247e-01
-8.736439877609031290e-01
-8.348914465321950473e-01
1.536697395885557871e-01
-1.563873704186033720e-01
-2.856426907294815631e-01
-5.843125777065476534e-01
2.138062319029838676e-01
-1.949140089614564142e-01
-8.046265547643673965e-01
-5.533092067975052819e-01
-3.450529648358052759e-01
-7.783663633689384964e-01
1.169294016004648329e-01
-9.680132422725256092e-01
-1.351348481239203481e-01
-2.412843194714986428e-01
-1.258117317094516796e+00
-2.629718987693757115e-01
-8.307445670199833376e-01
-9.641144006438493452e-01
-1.568643053308247381e-01
-3.892946791753364444e-01
-3.854030528859964111e-01
-5.822903632814883101e-01
-9.143241928315828382e-01
-3.192245772982296725e-01
-6.436458704486339721e-01
-4.035700765061122075e-01
8.238544173721507047e-02
-2.663607766581735925e-01
-7.620146097973531374e-01
-9.791363651084649122e-01
-1.594901774614765788e+00
-1.498513563295941209e+00
-7.913871151018037065e-01
-8.916324379174348502e-01
-5.290487076503194164e-01
-9.302730955524384227e-01
-1.120053366938861261e+00
-8.969006000414682100e-01
-7.169166044815551420e-01
-7.397160581254298428e-01
-1.651334644698740028e+00
-4.774340515621572356e-01
-4.721193884341318703e-01
-8.780175272144732368e-01
-6.400829472095687089e-01
-1.176775567939336575e-01
-7.462105028053632738e-01
-1.254447833961796821e+00
-5.057673189868625574e-01
-2.894732944949519049e-01
-3.862376554963369846e-01
-6.004222451242012815e-01
-3.996883383476039220e-01
6.253066678946993528e-01
-1.831778574936614445e-01
-9.258230772523422525e-01
-3.576203787425549230e-01
-2.802624606439627630e-01
-6.549689568471732670e-01
-6.178455694200419845e-01
2.848686387029788492e-01
-7.202826215562985190e-01
-7.134635257745289838e-01
-1.626823152246076321e-01
-4.778935891131655955e-01
1.187654280688105191e-01
2.252607380199493914e-01
-7.343234016572834921e-01
-2.032026309530941544e-01
3.470639764287371531e-01
-4.736768184722991992e-01
-1.650768847060240796e-01
2.135296086054780940e-01
-8.200151656495618946e-01
-2.345269035587296824e-02
-4.598453012087113656e-01
4.193013826088395901e-02
-3.172140738596390674e-01
-1.355011925805817974e-01
-8.750869110853580768e-01
-1.455176667256553313e-01
-6.414206459867981547e-01
-2.742928080910579380e-01
-5.430504485312220853e-01
1.960922201576210389e-01
1.277014902002135133e-01
1.589724863904774521e-01
-2.186819884469315967e-01
-3.106806091313544377e-02
-1.115681211073876744e-02
6.106543646355160337e-01
-1.012234983297017665e+00
-3.025484247159872520e-01
-4.525204529725234126e-01
-2.168086988084917677e-01
-1.096216465042829658e-01
-2.824632095552527256e-01
-5.813786004945948882e-01
-3.843800402577929320e-01
-2.920208916739690519e-01
1.816886798361949107e-01
-4.986388339272797010e-01
-9.267652548471838614e-03
-6.436718709339628308e-02
-4.398333424389329060e-01
-9.637109235195534529e-02
-1.290967896523719793e-01
-6.122527585424939467e-01
8.672532233295693338e-02
-8.940873736432815022e-01
-9.646713484328950372e-02
-6.973394361613614034e-01
-3.160646867470339183e-01
-7.129881603497321141e-01
-2.751506133696920431e-01
-9.471978415009212338e-01
-5.814962409098525242e-01
-9.178094565409766759e-01
-8.020312748790756618e-01
-7.444124573809296486e-02
-3.567786037152074208e-01
-7.201701171999560502e-01
-1.033081525465237238e+00
-6.621365234235258024e-01
-1.247372391472967967e+00
-3.043727931547062227e-01
-1.053067930958488274e+00
-1.015722751156858283e+00
-7.751233210520588335e-01
-2.894399678532389997e-01
-1.750815469549355630e+00
-1.424567997458518143e+00
-9.633468475460250646e-01
-8.743720368958043387e-01
-1.741801717369348523e+00
5.933842205739359166e-02
-3.347376203404781592e-01
-1.484070091432655891e+00
-7.923851222476822054e-01
-1.052846316615553945e+00
-6.909486225313905550e-01
-5.701439758713798822e-01
-5.436184857135659687e-01
-7.098300653996645337e-01
-1.301118009372449702e+00
-6.392850293432363884e-01
-4.697563694670665035e-01
-4.315586633673565986e-01
-7.784923815237940747e-01
-1.083454845237910691e+00
-3.351412920043323473e-01
-5.623918238716383300e-01
-4.976957889405997371e-03
-1.053235318475970184e+00
-5.170888492564769123e-01
-7.366625928977904580e-01
-9.627945369083892313e-01
-5.958262200859166802e-01
-6.628647209899664050e-01
-5.913940330840555815e-02
-3.470261688075375051e-01
-2.178608117946068123e-01
-5.854695606781235018e-01
-7.205056192185705921e-01
3.349353641120322300e-01
-4.005239387107277782e-01
-3.916292568302021104e-01
-6.974523772334296767e-01
-6.253130665225997697e-01
-2.716772658919987538e-01
-9.473877936459365046e-01
-4.905554884387305359e-01
-3.259449905818195270e-01
1.438417569788161265e-01
3.275942626975912875e-01
-4.997967194389503764e-01
-1.771472365124586723e-01
5.402149998864649860e-02
-1.833302471248564047e-01
-1.438567445088091701e-02
4.822526766767246675e-01
-3.432040939647028055e-01
-3.466439422220330968e-01
7.988020679526880441e-02
6.950769427001904921e-01
-2.386985831494885246e-01
2.112514512812013467e-01
1.890659864950625380e-01
6.288400103657952878e-01
-1.190499340160879049e-02
2.887734931625280388e-01
-1.314974172220848558e-01
-4.334155182100823955e-01
-8.899413089522056897e-02
-1.871756038898220453e-01
-2.027824413772247869e-01
2.586569432180321204e-01
-2.453173090300855008e-01
-9.786957991508558052e-01
-4.996574306593780102e-01
-7.987061689885860405e-01
-5.333127403941910760e-01
-6.683575751697548029e-01
1.072290958111564163e-01
-2.642160518081627663e-01
-2.133265149848636855e-01
-5.561024643367273868e-01
-8.161053746747899407e-01
-5.923482482519752956e-01
2.334772850174745562e-01
-3.137517922220813826e-01
-3.704569519182090431e-01
-7.108563587262811678e-01
-9.985320006503116685e-01
-6.915019949629719331e-01
-1.251635501866436018e-01
-6.570688220988099015e-01
-5.615413693337397705e-01
-7.826980386688515701e-01
-4.947747053137174778e-01
-1.277194176805054759e+00
-1.301183429248486512e+00
-1.841951941613336752e-01
-1.074704486671554271e+00
-1.035677832121565833e+00
-1.358066528691982633e+00
-9.133410475743636292e-01
-4.493480509851995319e-01
-8.819518583262576650e-01
-9.930919171380114818e-01
-1.584857885010555467e+00
-8.357605805079573180e-01
-4.749045648948863052e-01
-1.420994515605081165e+00
-1.024766338000652421e+00
-8.197688216662111227e-01
-7.306646282244811941e-01
-8.027217031209810116e-02
-1.456074761907966586e+00
-1.172774522828416988e+00
-7.925344961176322700e-01
-9.071203465837013313e-01
-6.375423050645118161e-01
-1.377452739264489523e+00
-1.026484830515455471e+00
-1.089923313409041805e+00
-7.681001642521148032e-01
-1.126963245322481377e+00
-2.921500095713492340e-01
-6.579947564501126278e-01
-2.784978476482655174e-01
-1.219147141653324606e+00
-1.258340059555195900e+00
-4.644556358457831990e-01
-1.513814829748689972e+00
-8.554026074417402370e-01
1.347449693331066456e-01
-2.925579037041285413e-01
-1.075912730306683995e-01
-5.247045524012198259e-01
-3.545010348560662106e-02
-2.973009475131780377e-01
-2.443792892651689141e-01
2.350098382454979817e-01
-5.724692525006749300e-01
-3.111834539706214708e-01
2.064574302759621949e-01
-7.706037774033001053e-01
-2.698544141188954915e-01
1.423326498516976901e-01
-4.505488028603554240e-01
4.466494305855981395e-01
-2.277474324757910451e-01
-7.617310984645185856e-01
-4.688502991394551955e-01
-3.803564923773098960e-01
6.356013237376696434e-01
-5.424915062367304808e-01
-5.076742235771000145e-01
-2.856471849700022991e-01
-2.306086858914251081e-02
-1.616222033967391891e-01
-8.052555298399455275e-01
3.841817512840107196e-01
1.080815355150487100e+00
-2.975444715767132653e-01
1.706678342618929423e-01
-2.723552506659777661e-01
1.677200699446606547e-01
5.050731819075896523e-01
-2.380225419317876234e-01
-1.444876858983737411e-02
-5.417770474979377582e-03
-1.844401224442567822e-01
2.005225751507500043e-01
-5.796290909211256892e-01
1.966461710976248889e-01
2.477387234476143840e-01
-3.754387498199417417e-01
4.686073707868952387e-01
-4.682698841434642656e-01
2.763982239898091220e-01
-5.232771610708869536e-01
-5.437469011069789859e-02
-8.850592994062970176e-01
-7.312560385586484024e-01
-4.273230108673133909e-01
-1.434246528166382983e-01
-3.526925472408019568e-01
-2.629047909231258529e-01
-7.381978832446758343e-01
-1.754679726783222593e-01
-5.530660107877884979e-01
-1.277308211700467933e+00
-1.022904422371820221e+00
-8.035055106406974179e-01
6.709949289031558184e-02
-1.046712714118056775e+00
-5.933669369649052783e-01
-8.382149119900939027e-01
-5.341812707796442794e-01
-1.240374335527250516e+00
-1.546636904364706577e-01
-1.040968694470788547e+00
-1.538967313033931861e+00
-1.184631193493593360e+00
-4.295117068940572658e-01
-1.029945422372964270e+00
-5.277162261524508402e-01
-5.974604616486781650e-01
-4.918459578991363768e-01
-1.543131331434103082e+00
-1.250703273469152332e+00
-6.949366793978415391e-01
-1.638393604079747323e+00
-1.083668094722446185e+00
-5.789458002978014051e-01
-6.786110439113004489e-01
-1.536588062367666652e+00
-6.210537725791351882e-01
-7.118835464595338891e-01
-7.584965293171413991e-01
-7.660279303730199718e-02
-4.020043425935311276e-01
-3.299724115450429207e-01
-8.989862707057908464e-01
-1.492689757751858304e-01
-1.991548279063682925e-01
-9.090396791984679536e-01
-8.304345056852601159e-01
-1.083878628773640829e+00
-6.772790402247872432e-01
-3.016950796571227222e-01
-5.532046462860639169e-01
-9.289530912706280841e-01
-1.028125914069540459e+00
-1.894171775708826666e-01
-1.016651914631454767e+00
-6.375546618951191125e-01
-1.962299531870861369e-01
-1.225515666092669154e+00
-4.542762051817156310e-01
-6.727150421635740285e-01
-2.328645423799366176e-01
-1.194673207420571703e+00
3.956115056038161937e-02
2.607012930073904222e-01
-2.550886225062690693e-01
3.864347415462309754e-01
-5.294196008321161440e-01
5.008831950894476748e-01
-4.971106837747180096e-01
-3.558410670990490021e-01
-5.131873949204066587e-01
-2.313498869543419156e-01
3.057140550136803747e-01
-1.827411500142628598e-01
-5.461901100855003355e-01
5.035456813583997215e-01
6.131461131434062795e-01
8.869385885179725815e-02
4.050936305847706032e-01
5.233687517424754354e-01
-3.801392948955894524e-01
-1.490982098967013614e-01
-3.365804141662477600e-02
-3.535908088392627491e-01
-6.247285537736111394e-01
9.183811095452239226e-02
-1.218940755001073351e+00
-3.469692201737542003e-01
-3.853406289145348829e-02
-2.457225114196572580e-01
-6.383120080852694445e-01
3.923813159577430043e-01
-2.291535805483398136e-01
-5.401393169994537224e-01
-5.559413894821136903e-01
-6.712332106939684628e-01
-8.549641756038603435e-02
-1.722271904143852506e-01
-5.670167760896234199e-01
-5.183558615051659935e-01
-2.320612054515780731e-01
-5.855862209526434548e-01
-3.803681231327832313e-01
-1.607645489466308364e-02
-6.873527536927265258e-02
-4.418098622070434356e-01
-4.615596176095166370e-01
-7.869364122056738964e-01
-9.386309079275123590e-02
-5.043875842966505374e-01
-9.036482153174845156e-01
-5.228571938235846428e-01
-9.760249687441888700e-01
-9.087464740156908638e-01
4.526245545468475795e-01
-1.234838026389663002e-01
-3.051950560132937751e-01
-7.407014297704468397e-01
-1.686545795259650093e+00
3.588098482562378511e-01
-9.839054382814478306e-01
-6.389381026823452991e-01
-9.801406670265492282e-01
-2.666109141092340984e-01
-1.060576236657101656e+00
-2.888547179618717875e-01
-3.125903839653740857e-01
-8.652836959298207953e-01
-1.193576335618985462e+00
-7.521825533282554543e-01
-7.376495855569070725e-01
-8.245072954842906920e-01
-1.184127535504500450e+00
-1.157768824250342110e+00
-1.021177607657045350e+00
-4.875955928932844685e-01
-1.101455656385770698e+00
-9.581994194504703799e-01
-1.250062366954312720e+00
-4.731828426937332854e-01
-5.130088690493231907e-01
-3.649664175925678156e-01
-2.606895337975767557e-02
-8.733841561644273277e-01
-9.826685093921269099e-01
-1.135191642877742435e+00
-3.462104930846548467e-01
-7.627089231396447788e-01
-4.918778635060302440e-01
-1.207488276509362191e+00
-5.412111582467409310e-01
-1.311095480116739820e+00
-1.145327079334832465e-01
-7.767201562272882942e-01
-6.479850685380581510e-01
-8.984529126130955667e-01
-3.883945842853718800e-01
-1.178896855716930592e+00
-8.232111813550651025e-01
-6.146097346829253460e-01
-2.481436653340012288e-01
-5.936292002496249554e-01
6.674177008993976701e-01
-8.597282359130997698e-01
-1.744192504712328562e-01
-6.180669282854966973e-01
-7.443911210196614281e-01
-9.455942267413236513e-02
-6.349201955922361140e-01
-6.014749929337761536e-01
-2.426464223772019091e-01
-3.076550542028628765e-01
1.110243242718931822e-01
5.170071256745025767e-01
1.670915782154605289e-01
4.974273030218149261e-01
-7.650308684340727527e-01
-5.522008534854595529e-01
-3.319041569199998043e-01
-4.054990857558945505e-01
4.515339040447224339e-01
3.284830721500165973e-01
1.499320637004616930e-01
-8.422332271008847737e-02
-6.670753465488603595e-01
2.748448145889353378e-01
-1.251249427245505474e-01
-4.485155340491772114e-01
1.537981333348405477e-01
-1.072274526495000435e+00
-1.757899930241246800e-02
-3.553118151301014604e-01
1.337115048886488855e-01
-2.366126094564191817e-01
-1.266563768208507579e+00
-3.242562043191344889e-01
-5.282723092613109683e-01
-1.003468515176240361e+00
-3.366734255691233857e-02
4.095962126120075153e-01
-3.343529090279881433e-01
2.923590758375232967e-02
-1.012140971897342645e+00
-3.173233807452494615e-01
-1.163717583193841110e+00
-5.832179062749744958e-01
-6.751537011291022239e-01
-9.068997585424907193e-01
-7.101547937039679459e-01
-8.898245239087503311e-01
-2.081600075601613975e-01
-8.322120508905732628e-01
-7.661681037798313554e-01
-9.334880252218926699e-01
-1.162280856806460871e+00
-3.523469090292707384e-01
-1.273423996094616761e+00
-3.373058154467721281e-01
-9.066509383543901457e-01
-9.741776293535273634e-01
-7.964675260572846582e-01
-9.327990614029748606e-01
-1.052050570651789529e+00
-7.147474970585354637e-01
-3.319828430635782812e-01
-3.228112945424401747e-01
-7.150200186850652617e-02
-1.524810505364913915e+00
-1.411420786702866303e+00
-7.443526598471453815e-01
-7.339113406284472063e-01
-1.482384843223039539e+00
-1.275912144106942314e+00
-1.870414424759747174e+00
-7.011953908017114490e-01
-8.737569068206010314e-01
-1.348288384697355902e+00
-8.030898573712947908e-01
-1.156795778599044144e+00
-6.243863736342234461e-01
-1.151228945776841428e+00
-1.188530238649036619e+00
-1.117642459824300882e+00
-3.356280402991904110e-01
-1.105148611566537653e+00
-9.921734527738876874e-01
-7.347421553760311586e-01
-2.991659697620834280e-01
-1.224751911418375139e+00
-1.190821496256471157e-01
-9.723814749555145243e-01
-7.038940224998849748e-01
-6.579421475635245375e-01
-1.241098026628630890e+00
-6.067748423458726448e-01
-6.878260251901717748e-01
-1.697017543101309034e-02
-9.457308663616128541e-01
-6.506780123599819055e-01
-1.104238962522342993e+00
-5.084321999538230497e-01
-4.284046000005230503e-01
5.230100061771381093e-02
-8.526661982479702973e-01
1.845942714212160940e-01
-1.110974957843197108e-01
-6.030509996724130461e-01
-1.292234263035762387e+00
-5.484507193234848810e-01
-1.778416784852567822e-01
-5.579238180700059058e-01
-1.770636445322076868e-02
5.365285997090245562e-01
-6.496345703938013472e-01
-1.139601479286763697e+00
3.113579405539624867e-01
-3.881378115019408215e-01
3.462253583332420837e-01
-3.224944983614462801e-01
-7.217954965880644946e-03
-5.908212297535529733e-02
-1.248779833705513237e-01
5.603447474038306120e-03
-1.664826346376238053e-01
-3.586857697240973808e-01
-4.782006204505926394e-01
3.343406370412732587e-02
-9.236797805786463311e-02
2.903243870073698440e-01
-4.084317805963985082e-01
3.209557715380094156e-01
-3.176779302541346550e-01
-8.711975813064054552e-02
4.640482379938363211e-01
-2.162960760828011031e-01
-4.235211435486415654e-01
-1.560108145779648403e-02
-6.723304252021224947e-01
-7.439706726483152899e-02
2.581639866387730464e-02
-1.199051197638472122e+00
-2.994885249076366662e-01
-4.228671085311275224e-02
-1.134865128923851829e+00
-2.804249385213785639e-01
-7.632721350954688733e-01
-1.000850530403837757e+00
-9.340830069617089837e-01
-5.092638014413550795e-01
-3.558998875813760843e-01
-9.144762911911027414e-01
-1.063577854170522086e-01
-7.746756531911066501e-01
-5.036231443024699050e-01
-7.928031020581258748e-01
-5.597808074708759962e-01
-7.052280472897868302e-01
-7.157749780709026233e-01
-1.600549801767138236e-01
-1.220170979436270953e+00
-1.110602295566487374e+00
-8.419622055300713948e-01
-7.895118865322341417e-01
-1.478214353775060719e+00
-5.532630707061528819e-01
-9.742698505920462937e-01
-9.223743454851932588e-01
-5.997930668901265694e-01
-8.940864577867518870e-01
-1.646410566869296765e+00
-1.028907840484052372e+00
-1.031422129478023697e+00
-1.370520122391821971e+00
-9.548498587281328831e-01
-9.748881479380980819e-01
-9.907969851708173792e-01
-9.899998861613036327e-01
-1.431120413097627608e+00
-5.659729510162806454e-01
-1.691360810571516549e+00
-9.768939845659448951e-01
-1.029949180434240663e+00
-6.144445522738641863e-01
-1.292765123952035911e+00
-1.207114397218201907e+00
-4.847606230980517350e-01
-3.346330322348360919e-01
-1.097061237393025523e+00
1.895336947958485840e-01
-1.477998255301291586e-01
-7.806899961378445107e-01
-6.533659660725206209e-01
4.887898096523679570e-02
-6.799503773351937008e-01
-4.779877523942336337e-01
-7.370614048683903352e-01
-5.379259138657124240e-01
-8.561157344010301706e-01
-3.626462331320942090e-01
-5.974118657378363340e-01
-6.098060219418003358e-01
2.669316500738899700e-02
-1.155359822014654814e+00
4.810383551901494803e-01
-1.282996404381215871e-01
4.966370224444328074e-01
-3.851210670259649360e-01
2.250112850634682915e-01
-6.791468127923288023e-01
-5.353090440174941289e-01
-2.322280962927308900e-01
-5.253383376948616013e-01
6.333162054930130402e-01
2.167562495630231956e-01
3.107549509441011049e-01
-6.484716878795777628e-01
8.272314721502843637e-02
-9.634448524003275116e-02
1.697439962570952976e-01
-5.719847258533565793e-01
5.655305275424936662e-01
4.258539792823926584e-01
4.598476189810812298e-01
-1.771190225129373463e-01
-4.106814719517002388e-01
-8.395686254206434773e-01
1.741533141470862078e-01
3.958658604462376163e-01
6.259169588924051730e-02
1.501941535171155973e-01
2.176046247302467762e-01
4.050973729466826323e-01
1.300414488141783953e-01
6.110091186516750650e-01
5.109207331890830428e-01
-2.527846045646242601e-02
4.623305495235301432e-01
7.597480329926702414e-01
6.159924088753896410e-01
-7.811735139097275571e-03
5.002438141549783168e-01
4.823271858136883861e-01
6.606263947570618633e-01
3.207443975389311364e-01
-7.259011926153227101e-01
2.194877775168735945e-01
5.964290513930855520e-01
-3.120040210339969367e-02
-3.064162744528051707e-01
6.789597037743790864e-01
-3.842456145604714601e-01
7.760678903512621130e-01
4.088890577557161010e-01
9.896352277606718095e-01
1.023415330367843490e+00
1.011202278548114952e+00
2.336157698035597474e-01
3.453383316760797461e-01
9.706455484575566839e-01
1.370178126892049875e+00
1.516377491826188972e+00
1.108072576183230407e+00
1.241053478766623419e+00
7.111827883672139361e-01
5.932669663065084364e-01
8.586672300982178818e-01
1.026440528198834246e+00
1.185604921288328173e+00
9.277526303294251209e-01
9.530176433771043731e-01
1.313976611271077122e+00
6.627301546066373117e-01
6.528122742866218076e-01
1.531317484960103670e+00
2.082790972216018721e-01
1.270201665013620751e+00
9.871265059520201168e-01
9.753170278145600891e-01
1.414199772820996071e+00
2.083479301824088248e-01
4.906613531303928299e-01
7.003612034337214354e-02
8.467024890737681053e-01
1.672783936649176351e+00
3.844255416370582767e-01
9.827187986205929704e-01
7.988854783985808172e-01
6.462078636899575290e-01
1.139437757859782741e+00
4.094138957249628952e-01
5.458596292819529738e-01
4.865748484397526274e-01
-1.567913595034796659e-01
3.541621429820058786e-01
8.948468800456389483e-01
4.519816698661913712e-01
8.093984707209728180e-02
8.707419316077225080e-01
-3.872067125294909040e-02
3.054084027344884378e-01
3.362934710636955593e-02
6.069402706354901644e-01
-5.105174362520736864e-02
5.941045896550707361e-01
6.552347103548133989e-02
6.728786624792246762e-01
-1.465708473358209862e-01
9.151314316914451741e-01
5.475509227220103359e-01
-1.916999962031795679e-01
2.665423954286588182e-01
-5.051081511760353582e-01
-2.534969469718134083e-01
1.611892322238894781e-01
3.394490571034222137e-01
5.552049778216279208e-01
1.540256888277670710e-01
-1.604508956625320948e-02
7.527003480952723646e-02
4.268375967166342377e-01
-6.270296865810676135e-02
-2.886666250321441307e-01
-1.023613309608200739e+00
-3.367853148537523489e-01
9.042765279033435633e-01
2.894198564965326237e-01
-3.562805097723281689e-01
3.771330780423059470e-01
6.654681814262869421e-02
4.720662523356099483e-01
1.162646094472272296e+00
-9.607929981064178282e-02
1.194094133068565045e+00
4.813535040032054235e-01
5.560118977327537237e-01
-1.624215469243717180e-01
8.508914768031812237e-01
-9.066208345557724702e-02
1.254777153878390061e+00
3.193102791267724005e-01
-1.132740161786176536e-01
7.462238477260845215e-01
5.777507821866203486e-01
2.869470448501868498e-01
4.696059014557992795e-01
1.355931902956531432e-01
5.459135571522705233e-02
-2.627856478132862827e-01
6.356337251356117823e-01
5.950687750207351856e-01
1.180237072852821534e+00
6.312803106165996159e-01
7.568296673896697246e-01
-5.605144112436044601e-02
1.565005781508410632e-02
2.452274341987061290e-01
4.396922106736812497e-01
1.396393944124884268e+00
5.214076828655427320e-01
1.278924316436124142e+00
9.599379924509340301e-01
6.855529726883915487e-01
-4.606240302070142567e-01
9.928555455085177339e-01
5.869928167127771435e-01
7.623954049535501820e-01
1.148977027359061154e+00
9.045432020513014537e-01
3.314695843544752663e-01
7.468365622862610520e-01
4.551865078895579453e-01
1.105198489719497301e+00
1.559372966879422062e+00
7.299843320611072439e-01
8.441688500595099232e-01
9.943746433861752054e-01
2.097515312904998375e-01
9.904292864246286854e-01
9.997716510274489154e-01
4.007725218870200057e-01
7.497045295862752035e-01
7.343896944477162902e-01
7.616961400062967069e-01
7.063031864046306341e-01
2.713659514960353736e-01
7.667083625549403481e-01
1.035455973781439498e+00
5.099087773864986461e-01
1.036879405941843357e+00
1.484789075157064708e-01
9.842635783631633606e-01
2.528485705582766419e-01
9.006468078067264571e-01
8.486031362975456904e-01
1.144041771184531875e+00
7.383649567592238672e-01
-5.170165598435316756e-01
-4.290868299399452912e-02
7.833680638412814368e-01
5.780934319205754957e-01
9.970092682670321782e-01
5.001641547662527554e-01
3.276618685076365667e-01
7.370064920759344940e-02
2.699321241518642389e-01
2.470250999499982170e-01
4.503314506692905894e-01
4.146819558654916693e-01
-3.399267845224712703e-01
3.791027126863856234e-01
9.873619904473901476e-01
-1.264253497578605445e-01
-1.821615658224984835e-01
2.746066832838617855e-01
1.029257954841524270e-01
-7.930761573927735952e-02
1.214849528584299732e-02
-2.824177853764716639e-01
-6.519473817400349702e-01
-3.727516022557315623e-01
-9.013579370676591540e-02
2.150558504732927867e-01
5.605788433838485574e-01
6.814412097905718779e-01
1.096597037070190517e-02
3.408522589277601655e-02
6.099432693582985676e-01
-2.426926865844084569e-01
2.139195077663941791e-01
2.766477188436594625e-01
1.712863519212414753e-01
-1.046734735561076768e-01
-3.534478189326827335e-01
6.333151409081108629e-02
2.262612416212611000e-01
8.156276689920958223e-01
2.807245373338677630e-01
-8.406376273058344673e-01
5.802059802244013964e-02
6.188713812566200012e-01
1.034951796711299554e+00
7.497480286080407952e-01
4.892963870766339762e-01
-4.284471453536597974e-02
7.113378335255216012e-01
5.110005198786260472e-02
4.499213693663605684e-01
4.253041862581213306e-01
7.074032281944431233e-01
1.228692292775622530e+00
4.559979307163875006e-01
2.195293167336561657e-01
7.978721465821541070e-01
5.955314834043712313e-02
4.021447306124656396e-01
1.080864077626565889e+00
4.769002852199769604e-01
1.365971762113896260e+00
1.307893520684917155e+00
7.833190206185178805e-01
6.324301233782356757e-01
9.431391509853079835e-01
8.200549229478093505e-01
8.885387369581115857e-01
3.759895777347118662e-01
1.618339848913026957e+00
7.969614047351057939e-01
8.054624003193417980e-01
1.697363192595837234e+00
6.016462791067169746e-01
4.208465058602908204e-01
9.043996552341952988e-01
9.134551425458193874e-01
1.116611387501777797e+00
1.465338020280368081e+00
8.743118312673670012e-01
7.593995092898024879e-01
8.267579343406225023e-01
1.136816225216115139e+00
1.467912783663324561e+00
2.886763809287654636e-01
8.267941528855706768e-01
1.021877826052234317e-01
3.196826780557269210e-01
1.133611084250784051e+00
7.252566317283916097e-01
1.170722317614394825e+00
7.650137458640050570e-01
1.449892050414944844e+00
3.307893900433179768e-01
5.966544730271945429e-01
7.417771267875565844e-01
1.295295799567197648e-02
4.253498671840754142e-01
6.935598080765840168e-01
1.015236221611892642e+00
9.600161714350896602e-01
4.240229427473876100e-01
7.765296317908039203e-01
8.605029148001038797e-01
9.236693377860334397e-01
3.893372483546173601e-01
3.642088933969078735e-02
9.687186347685928789e-01
8.852848307111441661e-01
1.287687014185452838e+00
8.650506718183033072e-01
5.135022872055411414e-01
2.352456535575079277e-01
2.937650849120436725e-01
8.871661886807794550e-01
4.973136470888038785e-01
4.072010849900757345e-01
-3.536693642003499449e-01
3.259289880482348911e-01
-4.533388861900703448e-01
-1.319529141403769090e-02
-2.037711672562278475e-02
-1.135822851410097228e-01
2.949068244696075869e-01
-5.956898335626362867e-02
-8.616884329627954031e-01
4.757817114984171925e-01
5.024522328562606166e-01
-5.228564764515284402e-01
1.479023296428488843e-01
-3.956189343931952873e-01
1.915746740720779273e-01
-4.835594563004375068e-02
-1.924810000778185148e-01
2.219275054728949703e-01
5.165276110460008674e-01
8.200910795797633490e-01
5.167832722729697181e-01
6.394909669646352546e-01
3.379344349351133814e-01
1.380096354258526059e+00
1.790774301837368965e-01
-1.840910350672492202e-02
1.716149577942360782e-02
7.234135494364819507e-01
1.286740543623806632e-01
-4.516483707750009180e-01
6.785668194654336238e-01
1.272035559527968429e+00
2.468682274011914091e-01
-4.160331524376736922e-02
7.771905960727076845e-01
6.064567890537698736e-01
4.878945026490312253e-01
4.532741871195591354e-01
2.445987055564947665e-01
-4.992273819051439299e-01
1.071487451942520153e+00
5.112723645143216755e-01
7.729363463349999686e-01
9.299566612992649084e-01
1.094326520094359712e+00
6.253346452452485105e-01
5.354116571853181350e-01
1.055860657609991371e+00
6.574310647210102054e-02
1.089436906804281069e+00
1.642892688884808106e+00
9.105383757124675403e-01
5.404876121818618095e-01
1.072683453161277445e+00
8.851837583315459446e-01
1.078999402355674819e+00
1.142884613976645536e+00
1.065352841119603156e+00
8.222278739977988415e-01
8.950694218483953302e-01
7.237366233903377299e-01
8.950495377069320746e-01
9.665270360981251807e-01
1.429942115749338605e+00
1.403484393954749887e+00
5.997805688088506670e-01
1.649969909466779239e+00
1.459116662815383103e+00
4.904109503702835382e-01
1.206424842886027138e+00
1.470090955035745051e+00
6.081669015513337939e-01
9.048347499735840405e-01
6.182379692660763260e-01
9.949301923536622017e-01
5.926549066010734501e-01
5.908004310782332125e-01
3.019322477176329400e-01
2.907344128007104400e-01
1.033309073187422378e+00
7.825711282549987491e-01
2.378462709032324596e-01
9.052359027893953636e-01
3.483964115025576791e-01
8.763480699101907634e-01
6.584911338742927001e-01
1.319671387736907953e+00
5.690454419533932384e-01
1.108049579005654373e+00
7.744467280597905345e-02
3.972753495122651746e-01
9.896328684894126759e-01
2.992311695209302069e-01
9.075754547949285711e-02
4.741849948123503800e-01
3.326394293494764898e-01
2.164297967455852401e-01
2.804746180591698446e-01
1.322196858259310215e-01
3.316093023517745486e-01
1.238219556574333469e+00
-4.572314455178810855e-01
9.903012944298714704e-01
2.993341607337137722e-01
-1.949102075464072825e-01
9.033041247489774772e-01
4.386196126127230310e-01
6.604177430542290672e-01
5.682875941142878640e-01
-4.095593594693642814e-01
-1.829425998120635388e-01
7.458480919453815972e-01
7.765803664819579399e-01
8.952962763984979588e-01
4.992014238773158086e-01
-1.983747300582819340e-01
-1.081475342083405289e-01
4.255380484485890014e-01
8.364504053513444060e-02
-1.314837588985794115e-01
-5.976364135379380604e-02
4.039713892779679405e-01
9.315666140565806441e-02
5.120990728715443252e-01
3.480276961956346726e-01
-7.195266801504796028e-02
2.458568519313524270e-01
6.851332254462183524e-02
1.067974429033529127e+00
5.620709311872560399e-01
-1.500610326651994897e-01
5.398103868061621124e-01
-1.895725271752796148e-02
3.913781116134574800e-01
1.761906791888989132e-01
1.696922960207156716e-01
-1.196176530009607220e-02
1.340602593251793428e-01
1.436420165012246009e-01
5.469209465618483090e-01
4.840657564192994977e-01
3.062259479659936168e-01
6.817505395691338954e-01
6.969020369251901492e-01
7.438202315028468181e-01
1.208380778545624867e+00
4.247089022240151390e-01
9.969861046669383775e-01
6.233691923589109729e-01
1.311857693202285180e+00
5.168347455419300962e-01
1.509144221499334693e+00
3.754118876981543673e-01
1.298084967699051129e+00
9.827115176992881063e-01
1.600012759301039367e+00
2.156201261240823897e+00
9.675736392796248087e-01
7.538683432738024770e-01
1.407105625822348660e+00
4.721115119831048590e-01
1.261795751400792032e+00
4.660036907906916492e-01
1.023387656321512962e+00
1.250309385264466000e+00
8.707065326707048580e-01
1.290453038774514560e+00
1.095870459320301471e+00
5.364652355672632211e-01
5.266389268076954178e-01
1.389224895841783214e+00
6.034019107975471252e-01
1.316978229204367690e+00
1.205965105745801624e+00
2.716886792175206011e-01
1.082804229525672124e+00
-8.267617147136330225e-02
7.922392700232975260e-01
5.088227215171752249e-01
6.299209638146514578e-01
6.257714528469739967e-01
1.247487762898588315e+00
1.006431610250903219e+00
7.252389490812005679e-01
7.609873159789413144e-01
8.149650170522652060e-01
1.300225188269404697e+00
1.817872390428989515e-01
5.626600757922511908e-01
1.405881414511373495e-01
3.525053499064029205e-01
-6.552265879206115029e-02
1.496295949200548425e-01
6.404099007080357175e-01
4.901977522410259636e-01
8.566442678648358289e-01
1.660208689347752176e-01
1.043245261468012941e-01
1.332684495987803142e-01
7.709011765380695547e-01
5.339100658459821069e-01
4.755367428619327042e-01
3.847153988050255879e-01
-6.196122299735167260e-01
5.988759668583510942e-01
-2.991315975764509416e-02
3.248932450416494033e-01
-8.039519588824942109e-02
6.768529432597991669e-02
-2.014935766927266891e-01
1.633682686034542419e-01
2.179094050828419005e-01
8.706558860368621700e-01
3.480854623915778656e-02
4.596101330674208785e-01
-3.756244566467248358e-02
2.610886384782400982e-01
6.115233985955612628e-01
7.110156621295082857e-02
-1.105844994176105045e+00
2.100220591080113053e-01
-7.323941066759709351e-03
3.874010296850671775e-01
1.282893951865815285e-01
2.427053176066734652e-01
2.620225378037982500e-01
8.586551170407673572e-01
6.264440284836989559e-01
8.478644583971955973e-01
-2.225436748604633919e-01
4.055573490295022454e-01
-6.682566911784511010e-01
1.808072637297793439e-01
8.167619229155549387e-01
5.118857058977094310e-01
5.888465429260443251e-01
4.058639798741244809e-01
1.015741257896754624e+00
3.487702001788690609e-01
1.588180105336817860e+00
5.915263002305425344e-01
4.239263854677510768e-01
8.194176938557894418e-01
1.357886224752880899e+00
2.750908396891351693e-01
9.467087696295466426e-01
1.705356291644730682e+00
9.902493658892058681e-01
3.129287000101058647e-01
1.441526419526040215e+00
8.237654220729686561e-01
4.852650629701077412e-01
7.156430218520303255e-01
1.496920667457601883e+00
7.760078652473911820e-01
2.497297591281848472e-01
8.681829464583672440e-01
1.220145072138082654e+00
8.411422718192929082e-01
8.921904945627803230e-01
3.902874085054555131e-01
7.460177159792545920e-01
8.544775039343124323e-01
1.850247396060941130e-01
3.935279567152755176e-01
1.160326631619959192e+00
8.959075942593824893e-01
1.390878936694802004e+00
1.137486598193607534e+00
4.744360623874571137e-01
1.003465805120274279e+00
6.361654794184430362e-01
1.046804181453349969e+00
1.442176097958433267e+00
1.053585793795359660e+00
-1.742619762485101420e-01
1.016654335601109072e+00
7.882685784652904148e-01
9.334039036725219063e-01
7.897188218650131875e-01
5.981710149725250059e-01
5.275225745352141171e-01
9.941108391649904341e-01
3.796021189484145575e-01
-1.288642955809531365e-01
1.062185984327431165e-01
7.985670165515506014e-01
6.332462246877659240e-01
4.441894246054176043e-01
6.550545813411747798e-01
9.517385183044934083e-01
3.407624864533642106e-01
2.294403094245667241e-03
7.118302569578764949e-01
6.763645402521585304e-01
1.897802562727792797e-01
6.770938621569306815e-01
2.486908976670295646e-01
4.084341471739471041e-01
-2.273137190589691881e-01
8.200172607160209903e-01
-5.020836922823290749e-01
-2.129510998081408646e-01
-2.965360746484242416e-01
1.919130261740005783e-01
1.076245126166426591e-02
1.207409913334302476e-01
4.927633077143235840e-01
9.507879287868135909e-02
2.352473066308075067e-01
4.037707760615837360e-01
-2.924541405272516603e-01
4.926027190836926861e-01
-1.405018959715632065e-01
1.261398161527148287e-01
-4.645352999355417678e-01
3.421477242906207916e-01
-1.080040136762323355e+00
3.245970410042358090e-01
-1.936196376254836760e-02
-1.849087487737003377e-01
8.041717425698939881e-01
3.576483323922824975e-01
-1.255325405016957108e-01
1.019388837340473586e-02
3.393694631673861983e-01
5.112884903923224922e-01
1.630042241977439910e-01
5.725724352039757159e-01
3.063685427800060257e-01
8.780253203256942474e-01
1.198861377015018714e+00
6.262154814845943829e-01
-1.729856249097034837e-01
5.360575252125738821e-01
4.883307983369476468e-01
5.597859865998090489e-01
4.283361878963717340e-01
5.219438576162487298e-01
3.168279506056574379e-01
9.031472696451825488e-01
8.260008546755368553e-01
1.992017224796091002e-01
2.682694694210467912e-01
1.312548120660195217e-01
7.740492155197609137e-01
4.861499094272515586e-01
8.226618220502586176e-01
1.144267428001950027e+00
6.250245866716974685e-01
5.849263947721262680e-01
4.969232859436280014e-01
8.156760289580208267e-01
3.538650067303527047e-01
1.105028252524256960e+00
1.390725748885016211e+00
1.456897830340303512e+00
1.698183762382948103e+00
1.319643406961964915e+00
1.098194278486393172e+00
8.171541945036813193e-01
6.588452310874519657e-01
1.517319652503490435e+00
3.439979754607280782e-01
1.198672329694149941e+00
1.227138440279814002e+00
1.024781367211567762e+00
1.552046629306863768e+00
1.576523451714313406e+00
9.376216965919994539e-01
1.058562240027710599e+00
5.330379693620032056e-01
1.190844884927766412e+00
1.405984801320093291e+00
8.824792207283830292e-01
5.189469142731092388e-01
7.868341428732160692e-01
5.660136633301134923e-01
1.495750560050380873e+00
3.993681131851126165e-01
8.181815941271456394e-01
9.101011446856643872e-02
-1.964394117438719167e-01
7.539727543505601037e-01
7.188073121250265762e-01
-1.904923464001416766e-01
1.257923152574718539e+00
4.112026757405914390e-01
4.046849033100717863e-01
2.862696942329880923e-01
4.283778922155289104e-01
4.222223613350485349e-01
3.361559033084880466e-01
6.349417945807316332e-01
4.828310640833567979e-01
3.198084964286397325e-01
1.990982962899501829e-01
-2.770780112003475848e-01
-4.591653951251781773e-01
1.113941274291181172e+00
2.683149474444961324e-01
-1.431492920930625135e-01
8.567108416338453658e-03
6.096559073106037063e-01
-7.297052652190850752e-01
-2.931163688513356291e-01
2.759600577077793715e-01
6.922616401825248955e-01
-5.836537401760243382e-01
3.995876484529720662e-01
9.079377553586240324e-02
5.259415899597331273e-02
2.830791571835283293e-01
-5.302340881742049206e-01
-3.387810349928118692e-01
-4.365940267602030911e-02
-1.471813435826373750e-01
1.655995467226579754e-01
3.300981468946814212e-01
9.287995128784690690e-01
2.292575951364146380e-01
7.673927086529905295e-02
-2.895155826041369007e-01
4.477410569617071845e-01
1.347268436620598364e-01
-7.068495323862261648e-02
4.564777253205803964e-01
2.578278938605078618e-01
2.994687656160375244e-01
1.984952525407194523e-01
5.729516480426504188e-01
1.915679998748541779e-01
-6.757365071496934661e-02
1.866153740381516490e-01
6.104480301094329375e-01
2.628396994613163562e-01
4.879635795043754665e-01
6.941174117128132703e-01
8.724026283477617216e-01
1.208384422961243709e+00
9.294442816485342096e-01
8.056612202669570788e-01
6.513019550493018839e-01
9.812038846654149715e-01
1.467825934766028517e+00
5.563826719281865785e-01
4.976980039749062112e-01
2.218248836425890769e+00
6.657843193974658513e-01
4.061769498659328903e-02
7.250835035148095464e-01
1.642920274040150730e+00
7.329686565949871113e-01
8.548202934077282489e-01
1.129885500617197058e+00
3.904765145019624129e-01
1.087214380044588369e+00
8.878176073499618459e-01
9.193981930154024873e-01
7.554450803974835926e-01
1.210930094804320678e+00
4.167941727911276262e-01
1.048613998537556435e-01
1.815807358746049927e-01
1.381968317164576909e+00
1.089532870679176479e+00
7.934650461960117696e-01
9.665340760546631271e-01
1.148011715191420645e+00
9.926833687117667671e-01
7.984479707605973697e-01
-5.281183114143828128e-03
7.201820395984819267e-01
9.496696502829213848e-01
2.400644667962661960e-01
1.020010538442359005e+00
8.718750402395685217e-01
5.892193947368754570e-01
9.361607207073091574e-01
9.568179216445698021e-01
6.159823940259142594e-01
1.979128753682757869e-01
2.880109114714094476e-01
2.299442795534419326e-01
1.084327624896238795e+00
-2.044707967770476031e-01
3.165831370468984440e-01
2.001065739010909061e-01
3.881605233938661970e-01
1.972798115235291638e-01
4.775728556834962779e-01
2.884901308566275580e-01
-1.066823362453539481e-02
9.666689163620885150e-01
-1.503130297393107662e-01
7.972160152827459934e-01
-1.946280032462545106e-01
9.121138271856668589e-02
5.019663749902908423e-01
6.984111599575524298e-01
-3.050276452053926057e-01
6.423610163558440833e-01
4.117571789878372579e-01
3.907983109510784758e-01
-1.353295697111933649e-02
3.472196400727369237e-01
-2.036739796630870902e-02
2.572216871076246636e-01
-1.035059649961513617e-01
2.095248310502968170e-01
5.327548971508850872e-01
-1.563453764847186622e-01
1.371471511010351474e-01
-2.365621950418118902e-01
6.384131027733995767e-01
-5.769554203039930496e-01
-6.550870774521636020e-02
3.016533909571765815e-01
-2.990355022587919964e-01
6.125061850302235267e-02
8.177786213587620034e-01
7.800974979162245138e-01
5.492875403362446063e-02
-1.594298600679138200e-01
2.224957363722769865e-01
3.358570574852605128e-01
6.842821499437784505e-02
4.852533193343613882e-01
1.708657612767272294e-01
-8.908230704637959407e-02
6.390950693765176105e-01
1.416545687895239269e-01
-2.101712690657736582e-01
1.779429208799693796e-01
1.236086518530028044e+00
9.601703713225766545e-01
1.086827186560886283e+00
7.317614423590564909e-01
-4.769737661627526659e-02
9.721344919707682886e-01
1.292106416328461904e+00
1.059553684182402700e+00
5.667589270018100756e-01
5.199863699635185466e-01
7.529678313657091060e-01
3.068809468976845811e-01
1.035318001238429764e+00
7.877711577790071917e-01
9.205300404427718686e-02
1.055049699306842337e+00
1.124700063459197930e+00
1.133044606759880280e+00
6.721094606076440936e-01
1.241578160584321910e+00
7.342485915484220360e-01
5.452538445573228421e-01
8.426392137101615942e-01
5.624828248540167941e-01
9.180502362734784816e-01
1.365896642180610243e+00
1.280727092974787595e+00
7.810595551191524821e-01
8.608554661102131300e-01
8.875721614670283310e-01
1.390306103594633358e+00
1.176604075015625472e+00
1.573304928747484066e+00
7.511217822704499003e-01
1.031064574211474572e+00
6.886407181205135286e-01
3.544846600206263409e-01
1.118933441787820282e+00
1.044083519491116441e+00
9.831839398213741976e-01
1.040961961582296924e+00
6.348946051874089225e-01
9.624260993666776676e-01
2.149660953921446183e-01
3.548449783697542603e-01
5.146887363287164785e-01
3.121968337142382866e-01
6.475334363431815010e-01
5.824669053649471628e-01
3.364844948859988527e-01
-1.012509494842315227e-01
1.854152346137443730e-01
-6.053040943414805808e-02
-3.639864259981551164e-02
6.982553062148217915e-01
1.226064275343573096e+00
1.194834583001769257e-01
5.585756455239047069e-01
-6.555377037083592873e-02
5.012560295186005987e-01
1.363159916868227906e-01
5.555596375123649233e-01
6.434756536258490200e-01
4.714612866659303458e-01
3.139804093622110548e-01
2.912130521971529329e-01
6.911836659344123834e-01
-2.313824504409561778e-03
6.681325711055589034e-01
2.758075347893746976e-01
1.402398837460505365e-01
-5.915266141994006688e-01
-1.502264809951865676e-02
-7.331279673159420973e-01
-2.240213726355952395e-01
-2.114600983471945361e-01
-1.235993904178004643e-01
4.115216000450540590e-01
-1.655616401647080904e-02
2.478695942545142694e-01
-6.451825122794941914e-01
-5.961960583979674100e-01
3.836084768602449069e-01
1.068925418145177053e+00
-2.869724870112250192e-03
1.055597684387482360e+00
1.443013805529442806e-01
-2.491944706875527382e-01
2.959886503096088584e-01
7.706504408622949498e-01
2.578261708695187560e-01
4.365618953497469867e-01
2.351065354997503298e-01
5.567787743166091596e-02
1.329251707373429348e+00
-1.879446058766555683e-01
6.547819862793633483e-01
7.057320344491081476e-01
5.901222163138147847e-01
3.123970254981578432e-01
8.613283589919165095e-01
1.298086830282414450e+00
8.776156335598148672e-01
9.613154478364493993e-02
1.106013517453549033e-01
7.373791177826708454e-01
1.694637604731179525e-01
4.021663586348319663e-01
1.073230325632346993e+00
-3.608160495935974765e-01
9.348182906933416580e-01
3.326061052416809938e-01
1.170985593673049330e+00
5.600682189783444676e-01
1.127929273058502435e+00
1.162563659488504042e+00
2.652961689899284714e-01
1.265728421369737511e+00
-4.214591947079641132e-01
4.553562990557259438e-01
3.977756156733682769e-01
1.206304762437103939e+00
1.319323345750405219e+00
9.399100451483225482e-01
6.145382648888360055e-01
1.153317587874676864e+00
1.070798880115361396e+00
1.038291608054583426e-01
5.727415430555811149e-01
3.187877066713497021e-01
3.580326319939038937e-01
6.161797309723464622e-01
-9.243392382968740328e-02
7.488441291740473016e-01
5.403836332978388945e-01
7.541631296105221205e-01
8.984319173524835112e-01
1.550236259190463262e+00
8.873521264283721344e-01
5.047339790963525363e-01
1.066200385827903441e+00
6.449272061320097116e-01
1.011443599101086832e+00
1.737110843172492203e+00
9.360568602513225089e-01
1.373599512272993817e+00
5.675894472832644366e-01
1.860935908918608384e-01
-1.893334880499837336e-01
1.620189331587472137e-01
5.318476237987687094e-01
-1.560936176193368219e-01
4.630691750099600323e-01
-6.849748000787830859e-02
4.254181067409776862e-01
7.500622301138870629e-01
7.183089004364219265e-01
3.827662280938594064e-01
-9.799336043380441064e-02
1.122127616790696281e-01
3.343737289160128578e-01
3.125070307370983458e-01
1.457467474587723077e-01
2.267410294538985127e-02
4.004066831792161274e-01
5.765186900833727535e-01
-2.414749470174718526e-01
1.181815264776500674e-01
3.979519017632084932e-01
-3.523393380682388054e-01
-8.837874325689151767e-02
4.585298195874715210e-02
-5.449740143185410890e-01
5.975543632497720692e-02
-7.479863565764715005e-01
2.260170823283694508e-01
-3.665039439322260173e-01
-5.197416321401128192e-01
-1.495059666513892660e-03
-7.849389224651364128e-01
2.643186840381181457e-01
6.399006702290572779e-01
3.479919307138825135e-01
9.355638867972008166e-01
7.656106511704252604e-01
-4.379908606828891715e-02
6.117106241277751044e-01
6.746461119232767256e-01
4.353334890728529638e-01
-2.629479201199956817e-01
7.639472700982352649e-02
6.033788032953679714e-01
8.754750411915548369e-01
1.181199911906956723e+00
4.772121903888504324e-01
1.122620970614639946e+00
3.224022573809968151e-01
1.340319935792397166e+00
1.718732742893009924e+00
1.444726954992749501e+00
1.061119493805958491e+00
1.192880899164163955e+00
6.817085213626865592e-01
7.321339428371946845e-01
1.912291427105436092e+00
1.019519744074649514e+00
1.491505011906513190e+00
1.855954749543851978e+00
1.637303021054999919e+00
1.938672482854110646e+00
5.749506397577297534e-01
1.700984064877695712e+00
1.806345387493560217e+00
1.531376023999922342e+00
1.977945114381397085e+00
1.862892757477312866e+00
2.034443182184952903e+00
1.517467758419327906e+00
1.875518701140580724e+00
1.261573827956359528e+00
1.378593492047227143e+00
1.607833273774766036e+00
1.776381924298018777e+00
2.350645664122336775e+00
2.564207481533497202e+00
1.641153895535718998e+00
2.104740797918871031e+00
1.515057981848116242e+00
1.807715416919149831e+00
1.289300874126749097e+00
1.879549712605243172e+00
2.148694120784408135e+00
1.917483151196656577e+00
1.475656092810669895e+00
2.097537770087051889e+00
1.945071787593944279e+00
2.274211048331327145e+00
1.754401188797519273e+00
1.246839012083764020e+00
1.734001140203135449e+00
8.837531422735841469e-01
1.111264818887353512e+00
1.268269808116665454e+00
1.156613614044309735e+00
1.051941620814261569e+00
1.173677190072540677e+00
4.613066190609922401e-01
1.007451505290985150e+00
7.495920506215224544e-01
1.856732214207992726e+00
1.830892514207276278e-01
6.467801002178255043e-01
1.233756976393652227e+00
1.057183185536061387e+00
1.760885833196031758e+00
1.050469564307376924e+00
3.532671215792200781e-01
4.959219110131868336e-01
6.417144891606232360e-01
4.775759804661247054e-01
1.208020603898608325e+00
3.165315107778637893e-01
8.328993006510484465e-01
8.739261731906254882e-01
9.294657726761549332e-01
6.649089336406899253e-01
4.648602593911947967e-01
-1.972072765156129281e-01
2.631601081019507848e-01
6.291971033564895954e-01
6.642726460204206873e-02
-2.477886203500369866e-01
8.770111350431210040e-01
5.698097199511852340e-01
-1.043046475747291257e-01
-2.847585875180291271e-01
-9.003630510732285597e-01
3.088665347127272920e-01
-2.740795407982017373e-01
5.717274846019237966e-01
-7.521273186656718401e-02
1.255279231661289574e-01
2.436483263624663609e-01
4.990424114907902053e-01
3.379797852595138319e-01
1.569521127406606764e-01
4.272769349625154534e-01
5.329049570999550012e-01
3.987539059293904176e-01
8.816829607253454659e-01
6.889596853269606136e-01
5.509606692720525611e-01
1.404504668245501353e+00
9.768455054171071295e-01
8.849845828183201535e-01
1.052691416197120811e+00
8.546770484828354331e-01
9.271043537644158006e-01
1.271830704439131932e+00
1.041231391931309647e+00
9.379514389580685396e-01
1.077595030493011308e+00
3.983558586016238134e-01
1.725233814816908628e+00
1.414886340253621810e+00
1.548645529802556542e+00
1.409150680362846408e+00
1.341163149096359364e+00
9.769258213974838512e-01
1.754879037357813143e+00
1.366472729739625747e+00
1.835110016316793935e+00
7.242984998013977105e-01
1.407044881930303193e+00
1.175297447700837994e+00
2.068985906610064429e+00
1.233068201936464936e+00
2.046762640106945863e+00
1.556235058001845806e+00
1.800595617180347219e+00
2.059998699214204088e+00
1.585521428019762036e+00
2.423032219908957341e+00
2.355102663665769036e+00
1.933359559290473761e+00
2.142250828277124430e+00
2.662285453859425832e+00
1.575938288348896377e+00
2.881165470343375556e+00
2.711671389071305782e+00
1.648826031329580832e+00
1.454034825513316864e+00
1.205252937837343996e+00
1.434799391054282891e+00
6.951427553247200297e-01
1.703649790471444048e+00
1.806897099536322715e+00
1.965101525730444276e+00
1.540658284492192998e+00
1.656029249585755370e+00
1.484661724397158711e+00
1.579586663404989766e+00
1.786241812569401510e+00
1.819867333111309105e+00
1.138902049241671266e+00
1.337715043157773787e+00
1.322495707824136835e+00
1.105854721450576506e+00
6.598457742981345131e-01
7.504918645203391137e-01
1.151599361678365074e+00
1.759629495641830577e+00
1.673317688279897242e-01
1.500778073532490264e+00
1.327262853057742831e+00
5.856043598172879783e-01
1.200212437566780643e+00
1.166516459880170054e+00
1.444271481574434191e+00
9.812529562501354219e-01
9.917920479892968766e-01
1.270050540393596439e+00
9.483451692260855825e-01
1.004070268746505068e+00
2.600295638776287110e-01
8.418129177818289843e-02
4.634300615657843680e-01
9.883885561582355095e-01
3.937429524682182769e-01
-3.003710857823348457e-01
8.851995361258978290e-02
4.011080585471884508e-01
-2.599817965317055557e-01
-1.986148182305436105e-01
-5.975126060582572896e-01
6.000963734722732923e-01
-1.072186081218822334e-01
3.935970800405644843e-01
8.673299342766338516e-02
8.958443641316955475e-01
6.353587685030739340e-01
-1.855475125864542996e-01
6.232952453151080485e-02
5.093194670334899588e-01
-4.790689377772938684e-01
2.704721146520601138e-01
2.351038965342956977e-01
5.119447034799083918e-01
4.596031292449249683e-01
2.238876630596042805e-02
1.136349072018568052e+00
7.712060373702479543e-01
1.140508567767486880e+00
7.405683029222154268e-01
8.624998518602340347e-01
3.048807271756830417e-01
1.460502582394785920e-01
-1.947838157862419317e-01
9.408099483844063471e-01
1.069776974063566088e+00
9.081216876215477685e-01
1.236655361728550062e+00
1.361444323029200598e+00
8.534879482790729277e-01
8.825770112338326978e-01
1.408290411602725500e+00
1.565701188324761794e+00
1.347051150949210907e+00
1.439991337989610320e+00
1.648969058738242621e+00
1.722837927013346704e+00
1.978448822312635969e+00
1.393026540060461116e+00
1.230328435347538996e+00
1.682754891899940208e+00
1.414191494958666029e+00
1.637402341822715490e+00
2.075898964068403352e+00
1.481303037382441623e+00
2.153952331945822252e+00
1.715422346171289858e+00
2.269466605437917561e+00
1.181781060133047401e+00
1.893681939349717958e+00
2.077861221438743300e+00
2.371834038625054042e+00
1.938874095981293788e+00
1.845029612307867994e+00
1.886441471144270077e+00
1.947725728757075725e+00
1.542524688535674704e+00
1.764762158880775367e+00
2.189277892901791311e+00
1.888275117482238308e+00
1.616222423614474879e+00
1.200125040762924034e+00
9.558155966213680577e-01
2.021579941409063608e+00
2.419480521765037473e+00
1.651184701061054749e+00
1.052225618746194691e+00
9.017916084350603434e-01
1.510802084540861845e+00
2.186559597361243945e+00
1.011837417461875166e+00
1.114121501120388213e+00
6.030865830987599541e-01
9.375449477517067143e-01
1.235749039712898956e+00
4.843025946528556336e-01
1.211308111520066122e+00
9.419476346722377436e-01
-4.773158363847951335e-03
1.231401165588203339e+00
-2.657274749131743885e-02
6.199893417427273512e-01
4.119767606444357799e-01
5.265742897384626531e-01
7.605317129083446481e-01
3.495768655093140498e-01
-6.344559611266564758e-04
6.914479183988903044e-02
6.428379852985917076e-01
3.898782068425048486e-01
1.408826152744482307e-01
7.890101989118631920e-01
5.898922516442255404e-01
3.346289821072061521e-01
7.390124865375768959e-03
2.447710753688354945e-01
1.856132952361586042e-01
9.151202733339888207e-01
4.554198043965231313e-01
1.728884797844991716e-01
2.902782318426537778e-01
3.599878833088689389e-01
-6.524776198788145853e-01
2.157414426781267824e-01
-3.486779001784352516e-01
3.105612668107829988e-01
6.039319789686677931e-01
1.246767441942884247e-01
4.191315034485954549e-01
3.712993372527114699e-01
2.078941390174215975e-02
7.667892734147182532e-01
4.785533353247704014e-01
-4.002947759656153570e-01
1.138784853958573207e-01
1.078163208920035476e-02
1.487083837789649809e+00
1.246372026837955005e+00
7.819420724582790694e-01
4.843776725680524198e-01
2.480624678798557525e-01
8.077546811691626027e-01
8.612636844730143793e-01
1.262421997066806911e+00
6.101023994706818998e-01
5.710302225078568439e-01
9.918838319495320022e-01
9.794280829147659073e-01
1.320936774072266395e+00
3.430337884290918238e-01
1.255665689336300295e+00
1.428925239121210833e+00
1.323044079437701193e+00
1.517582536701047813e+00
8.910019170114368281e-01
9.481292740464313251e-01
1.155803379679374521e+00
2.326582089977144552e+00
1.769103644284567123e+00
1.094216216727115665e+00
1.166745290123295975e+00
1.854073432127775201e+00
1.140735644474351496e+00
1.981504599144578327e+00
1.197250494316684621e+00
2.576900794835749853e+00
1.767879338520138344e+00
1.631275415022069852e+00
2.430255757594160571e+00
1.713983829480674181e+00
2.044926593737807163e+00
2.522749850116341896e+00
2.250037248266459233e+00
1.837508444398628482e+00
2.063337679909325484e+00
1.503660704251781111e+00
1.690638646411854129e+00
1.801111056805374755e+00
1.315310675172526755e+00
1.231740419309175438e+00
2.066594968186000969e+00
1.201639978508811879e+00
1.715107916287632817e+00
1.492889595235750377e+00
8.289450981834336485e-01
8.518783571900958584e-01
1.213197072774995888e+00
4.154140812547644224e-01
8.627271164653604885e-01
8.403473074815350774e-01
1.455432785304620502e+00
1.135748508771199150e+00
5.705863027813972144e-01
9.684258119648048169e-01
1.487240010871487383e+00
2.964436928265488103e-01
7.135981011311252065e-01
1.383597058408763569e+00
1.064286141386566520e+00
1.170402016948474566e+00
7.006114452096623424e-01
2.104090225248942403e-01
9.782692369302384838e-01
9.058656916434447703e-01
1.202760714663397845e-01
5.441466940382685413e-01
1.621035972310095552e+00
1.636601410439564308e-01
8.052240350040582584e-01
-1.152177120520877507e-01
3.670633666147012919e-01
7.054155330741241903e-01
4.669784213309427501e-01
-2.611712975977558693e-01
5.486702446952438361e-01
1.213869003272470132e-01
2.772932660685623607e-01
1.097717385143259339e+00
2.405425706043703427e-01
-8.537681840392481736e-02
6.425600538762993308e-01
1.208212530778266791e-01
4.220799117515876553e-01
-5.758360230874937091e-02
7.269984343225527335e-01
-1.116699009797594622e+00
1.428556427020539199e-01
-1.564967412376045419e-01
5.939654874000169782e-01
5.844426500891124476e-01
4.335913668456183867e-01
5.792950796301171712e-01
3.883512005743386952e-01
-3.745523388249327734e-02
1.847256263566493528e-01
5.636972843588931026e-01
6.285478332836491600e-02
5.601313236660360184e-01
1.500456360411694945e-02
4.388832222665838279e-01
1.653668078364731731e-01
7.193393782466381836e-01
1.120581874080490259e+00
1.211324015518728814e-01
1.175222214304496804e+00
5.940032656862648253e-01
5.330431392547296809e-05
2.714016001699647296e-01
9.427387653043064475e-01
9.836497336297920224e-01
1.483055994042807635e+00
1.577575332622783488e+00
1.424232323636470454e+00
1.333834887451536666e+00
1.314795997582984599e+00
1.448304681987945708e+00
1.505761071717749200e+00
1.652433722520433967e+00
1.026604510204018217e+00
1.558088239418552234e+00
1.334648764074416460e+00
1.593629554835405804e+00
1.912946466367719367e+00
1.942695849827204224e+00
1.616172996593520539e+00
1.711677746118636545e+00
1.975958207913100617e+00
1.385902995253053938e+00
2.074334631291467890e+00
2.330821341680756831e+00
2.356211201942456590e+00
2.053654245875500717e+00
1.999110368501270996e+00
1.948199852457284553e+00
2.212759492417491369e+00
1.901329623807384461e+00
1.922019767239265375e+00
1.632598911389793184e+00
1.525379913762635598e+00
1.884585906473320360e+00
1.401110153853969864e+00
1.640608044430521995e+00
1.715727495715945183e+00
1.387476481986241073e+00
1.649971410271984018e+00
1.752388597692285055e+00
1.348480074793039885e+00
9.037912659902347379e-01
1.042380761431719316e+00
1.334322944761682672e+00
1.352358063305494795e+00
1.221005497846338939e+00
1.366043175152257705e+00
8.838579245657380845e-01
1.433314122850033900e+00
9.692548948190867764e-01
1.599306511746987791e+00
2.352006407627271756e-01
3.713075622371010409e-01
1.490276264696090092e+00
6.768204994777524686e-01
7.426155167911888677e-01
1.956407521543376493e+00
4.960704320349848540e-01
1.010021078573128950e-01
9.837275073346859466e-01
9.673072183826383341e-01
2.515761653413998156e-01
7.459503068893643674e-01
5.615945110809301699e-01
2.942153460447810565e-01
6.278200036670100737e-01
-3.776305237261876613e-01
1.218510397108920340e-01
5.416708351751758910e-02
1.218670252628770156e-02
-6.238199309539588233e-03
1.573000130436537358e-01
-3.333314235150999227e-01
4.937101327451655086e-01
8.639049679337669208e-01
-4.374922927057880301e-02
-4.707444268669656595e-01
-5.117776350053271361e-01
7.687820938251678227e-01
6.409891222309531678e-01
4.213378024871067273e-02
9.660909740051748518e-01
4.644847765398196771e-03
5.998498661111304475e-01
-4.835322345531095634e-02
2.024267238589163576e-01
1.436637772627065157e+00
4.971091532103470434e-01
8.562430174021118390e-02
1.305668242678715840e+00
1.144330768901371531e+00
2.497911998933666222e-01
1.567478973291783761e-01
1.209374703083541114e+00
5.794650660509387263e-01
6.451562124286522870e-01
1.276571583371005847e+00
6.412791908151511677e-01
1.280181810837399015e+00
6.858197772860648023e-01
1.256203367533078596e+00
1.683909113334501217e+00
1.536591893342545312e+00
2.017902661788045116e+00
1.018404677956783244e+00
1.014058925638062547e+00
9.079971234114007084e-01
1.126741195340244417e+00
1.246014691377617334e+00
1.663044230466948381e+00
1.600250018189954826e+00
1.999953637463824485e+00
1.956456365157971167e+00
1.589028715021839178e+00
2.328001942698620930e+00
1.995377510687204481e+00
1.360781153508056285e+00
1.779688662023243939e+00
1.538644327304343973e+00
1.851883841610436843e+00
1.712226019370241659e+00
1.976519357842264846e+00
2.090957792160967443e+00
1.907523878757756197e+00
1.671114392013693939e+00
1.883018225961683223e+00
1.895128164941680238e+00
2.573595388455081512e+00
9.302684196748907119e-01
1.720179363197616551e+00
1.890637038344447962e+00
2.062643856179688484e+00
1.678541273437894388e+00
1.393959848398535595e+00
1.709351225121177764e+00
1.663583086961238244e+00
1.702570713982181294e+00
1.094483948047599631e+00
1.582976106972091568e+00
1.793523109523549319e+00
1.498143775592067684e+00
1.035637918183589079e+00
1.462223019416954317e+00
1.407234511115038167e+00
1.551166369859859229e+00
7.668552969656698970e-01
1.906642281691164786e+00
1.870513242420092759e+00
5.878814701026262579e-01
1.294559736214899726e+00
1.449164835731501233e+00
1.246119106987483960e+00
3.742171553101365511e-01
8.594579619516538038e-01
7.229864665776253307e-01
1.237638218539045987e+00
6.220757740299932559e-01
1.107864302311870830e+00
1.672932480820455980e+00
1.134863009532309785e+00
1.222004356404945646e+00
9.569201464450041161e-01
7.000785415570672798e-01
4.406812273915672873e-01
5.587317102635291910e-02
-1.280394658495117577e-01
4.208132594677860827e-01
6.751155070659558000e-01
4.890228974383462601e-01
8.480673066213058053e-01
-7.838897886346396504e-02
-6.448515951708069793e-02
4.200677570712000319e-01
1.045836013131003162e+00
1.470357673105330276e-01
3.515652716418176116e-01
1.552491049857617766e-01
-1.643951932884562539e-01
3.223466523525856942e-01
-1.259349419953749161e-01
-7.380313471037180939e-02
-9.174505461891435676e-02
3.541569132026952671e-01
6.448478106400563625e-01
5.489202081527000399e-02
3.985968818324230334e-01
4.945446791645283779e-01
7.008573005226749197e-01
5.002639979761637212e-01
3.216911266943361380e-01
-5.728095313412530087e-01
6.029162570039874325e-01
1.167222106418396299e-01
7.055532101177469650e-01
7.746472868658825783e-01
1.241994213576364414e+00
6.696020985367086009e-01
1.088467553323144710e+00
1.401468868573915616e+00
1.681925381403194919e+00
4.488885214979165816e-01
7.537860891563632482e-01
8.629274534184807610e-01
9.210034836981371154e-01
1.382237448316146811e+00
1.776807104201755916e+00
8.879208413624393170e-01
6.514728293593810005e-01
1.500638893134207619e+00
1.140849985231265462e+00
3.277825532317588664e-01
1.054704349620672943e+00
1.516912406745516195e+00
1.510098464863227186e+00
2.170839897700077792e+00
1.961117215162631489e+00
1.133754539979789477e+00
1.718103724549822298e+00
1.535402837396621978e+00
2.294156059821274241e+00
2.380456843359725738e+00
2.014596094010570493e+00
2.126679338120310625e+00
2.001003396754977182e+00
1.865704924960121192e+00
2.643309017988747289e+00
1.958981429022314424e+00
2.670193598446817695e+00
1.345618985445189875e+00
1.334511926508573421e+00
1.112568499157127189e+00
1.793833664639853387e+00
1.673524171805499172e+00
1.012060468633781740e+00
2.293196696450917837e+00
1.734140722637640186e+00
2.024881551127055701e+00
2.280334958462874706e+00
3.040647213103204738e-01
1.995932943437072726e+00
1.640313612920871300e+00
1.320454800261559258e+00
1.477473781824889976e+00
1.829554088217603347e+00
7.691005842349627475e-01
1.152045788437128904e+00
9.473844825319490681e-01
1.665234652223192224e+00
1.359993149678172086e+00
1.485092051464017349e+00
7.213243608125341488e-02
7.595018968319420249e-01
9.728776785376227476e-01
1.683132717145182644e-01
1.152106382701969300e+00
9.753395649552822899e-01
5.200966478126982651e-01
2.660027711105649728e-01
6.054085027841271671e-01
1.008587596855369029e+00
1.057550319363359748e+00
1.030125650350988131e-01
5.852934325004360838e-01
5.009597753891770200e-01
1.018022348200188221e+00
6.566203165793151886e-01
1.659799472657864094e-01
1.080645555677808012e-01
8.029493598495796025e-02
-1.452002384932173928e-01
-4.891605460697480701e-01
-5.186214874709542677e-01
2.744338067686690197e-01
4.574616868231035777e-02
-2.615107612328535502e-01
5.777800925569863688e-01
8.639267560799995804e-03
-7.661118264603378192e-02
4.426570533171125810e-01
3.591360362951351304e-02
3.862349418345174534e-01
7.582321675657781590e-01
2.187890028324276370e-01
2.200837825332579989e-02
5.295922329037203724e-01
1.083823687796492408e+00
1.881893003478637416e-01
1.350142950370008532e-01
6.650336126432522255e-01
5.952320257129237735e-01
7.655463711073628996e-01
1.389301598999542975e+00
1.378517355173961123e+00
5.313529851278753213e-01
1.114376286008345041e+00
5.156632443222027851e-01
6.422900484375002605e-01
4.102898767870318819e-01
7.285698877906610083e-01
1.289849238243899299e+00
7.474440835602742528e-01
3.149420528323401136e-01
5.687200556424264475e-01
6.557855215209732469e-01
1.252752196522252115e+00
1.545734388129449632e+00
1.263013337756472065e+00
1.217217832372427422e+00
1.540340386367741843e+00
2.168712411442928811e+00
1.859812172252051532e+00
1.253791751991475190e+00
1.666384083277242079e+00
1.362666185851652445e+00
1.316554393242491905e+00
1.389350122627923678e+00
1.459126712705828499e+00
1.883881872240650956e+00
2.018607251206490982e+00
2.123403079482753864e+00
1.699026908484545517e+00
1.307475737527240334e+00
1.494542513779523851e+00
1.411564539279878350e+00
2.338533286494720365e+00
1.837278189369315751e+00
1.570613499989236717e+00
1.814399525775964195e+00
1.740194116429148119e+00
1.065502535116104932e+00
2.012558324926830622e+00
1.255872740781319497e+00
1.926689452007850356e+00
1.278568515774519021e+00
1.615028564359632268e+00
1.387700233140461981e+00
1.288745823371814314e+00
9.794435753695712732e-01
2.019584887683750996e+00
9.013483461424318666e-01
1.274591436471143036e+00
1.467831238201280808e+00
9.613459911661712542e-01
5.458469714743002799e-01
1.017810550843759598e+00
1.533478857266780571e+00
1.442377239143189271e+00
1.250821196380540012e+00
1.138787175347486080e+00
9.948920548146870102e-01
1.370454249058021601e+00
1.141799583100312043e+00
1.420119367182988812e+00
5.124995036286568162e-01
9.045192674422949386e-01
7.784109902459590558e-01
3.154400427081872071e-01
9.858411262189633595e-01
6.442393522526272953e-01
1.320216052382376715e+00
3.076156757446476542e-01
9.072891614385925063e-01
8.211637670813760614e-01
3.254502538545659407e-01
8.878738299374959730e-01
-3.190132473017326387e-01
7.750655069128566943e-01
2.164232178886548452e-01
1.787949521439066991e-01
-4.357396479680010204e-01
-2.958809231629601633e-01
6.177561984652645277e-01
4.071909606509273305e-02
4.729079074325336918e-01
4.342155533408193491e-01
1.049546128266290457e-01
-3.794401803631886061e-01
-2.240540134731635602e-01
7.154596117081435391e-01
5.547817233482614796e-01
-4.236390067358321021e-01
7.297021678882591456e-01
4.848868503322398271e-01
-1.135734871109296829e-01
4.313510728045139575e-01
7.367380184996035197e-01
1.098983281946659396e+00
1.348456463723346932e+00
4.752889430958992523e-01
3.008963837155122500e-01
1.543794678219207572e+00
1.354326614256950778e+00
6.336154390505649436e-01
9.390070661304797950e-01
5.377884755694226637e-01
1.510841227105369278e+00
6.463903626609508457e-01
1.240909628321891223e+00
1.497094497573860039e+00
8.809740888782503498e-01
1.552939689655701283e-01
2.988699524120587148e-01
1.260225119852603992e+00
1.166902063340909512e+00
1.303143449816781096e+00
1.501888225087864015e+00
1.425417801600090684e+00
7.130963103646578150e-01
1.210360621486321619e+00
1.871803050780497912e+00
1.613771235698598705e+00
1.678798925050132063e+00
1.550788073011766688e+00
1.387329935969960237e+00
5.550508150296764587e-01
2.040832948646444045e+00
1.151918564050924632e+00
1.632230294353917310e+00
2.273596306485591523e+00
1.739066694482647613e+00
1.837647609728285669e+00
1.732408267205636898e+00
2.012392283579775842e+00
2.341262335083586610e+00
1.478459965512678886e+00
2.299385525962549526e+00
2.083333234590231786e+00
2.978718011033103075e+00
2.146452180000299137e+00
2.207889080323059527e+00
2.248526631727481906e+00
2.092399995474757191e+00
1.906842379837316859e+00
1.080987782413032505e+00
1.975374622333684993e+00
2.554939134540680001e+00
1.761150567223691121e+00
2.244668448798054605e+00
1.646966425685831847e+00
9.391979424338176008e-01
1.301735618677538842e+00
1.713975537700969554e+00
1.600629046745138950e+00
6.239134659836449437e-01
1.201021759896925944e+00
1.273308009544606545e+00
1.628321347016344678e+00
6.909183537490957150e-01
1.951682766022166948e+00
7.518051607399326430e-01
1.436676833802761344e+00
9.136028190055163201e-01
9.717647650297026596e-01
9.332399669102897644e-01
1.080991609407803145e+00
1.239284841168703410e+00
8.591473239416883567e-01
7.581714879005901908e-01
3.937028830798401380e-01
1.006495897378708815e+00
5.085782815538494317e-01
5.156754435717407770e-01
3.250433747872020218e-01
1.220953643818072365e-01
7.430516219185440141e-02
5.793389270544124781e-01
6.661469416327701065e-01
5.268576881160912384e-01
1.822396006236414179e-01
-5.019516951042245489e-01
-3.985274865863127070e-01
4.789015657951088967e-01
3.694499057202155212e-01
2.790727767420175809e-01
-3.725916670797670138e-03
5.405445150155422374e-01
4.972494204778493687e-01
1.850528842682537811e-01
-3.360060756645671942e-01
3.849202743012705152e-01
-2.263887290911776873e-01
6.208461342654365556e-01
5.924729477828029056e-01
4.525018272077680481e-01
4.510538494124808895e-01
1.075655152879710919e+00
1.171042709814179350e+00
1.343288194577161310e-01
4.840451457805572399e-01
-2.699427476118905211e-01
8.831747068518482902e-01
1.534360644828713705e+00
1.200969885673997872e+00
1.025482175623403380e+00
7.215464866638731101e-01
6.248930488140400641e-01
3.860146366080418057e-01
1.055786649361497798e+00
1.597699204895305147e+00
3.086190179101878650e-01
1.649344472882644741e+00
6.212213133077617577e-01
9.633868747553497869e-01
9.841300916345201433e-01
1.297545773856926710e+00
5.959479046508631139e-01
1.336386223412687535e+00
1.873214568017811388e+00
9.729494667473694847e-01
2.052943515917963424e+00
1.225721740378820979e+00
2.052017869988514764e+00
1.418015268313855159e+00
1.403777164006468015e+00
2.236598429966747403e+00
1.382414918332689702e+00
1.299926488051412310e+00
2.476394737078490227e+00
1.371309868102085217e+00
1.819019283897220118e+00
1.614342980411422435e+00
2.319163979795372477e+00
1.852404084881461577e+00
2.094046585436769803e+00
2.090825226321453734e+00
1.966493630998890518e+00
1.950523939295011999e+00
1.912333806483648369e+00
2.057025616730439932e+00
1.813429943830777047e+00
1.586722904191158356e+00
1.853628828494967795e+00
1.461404772782614270e+00
1.841883175664816186e+00
2.542063214553480055e+00
1.170838428055957614e+00
4.477461457291460611e-01
1.561383786677994490e+00
1.731432147161553248e+00
1.392047289795764087e+00
1.824980137474354835e+00
1.591642565949018318e+00
5.427895956258648180e-01
6.387270231825483702e-01
1.102498073745513896e+00
1.494406829417913141e+00
7.002718864802777166e-01
1.095809929268013683e+00
1.107682984233622436e+00
1.390500524732904086e+00
1.630899555498572351e+00
7.027649045301767039e-01
8.987935393488011293e-01
9.163200336832756365e-01
1.390965368037699879e+00
8.975080056320985378e-01
7.263556843510123873e-01
2.226454353840685574e-01
-1.619036554827311125e-01
6.106467836350466527e-01
7.290216277412087109e-01
1.417532630952507144e+00
9.804037226529971338e-01
5.366307723703567234e-01
5.808003064503934887e-01
1.081367971849224729e-01
1.258234707292915366e-01
7.745056149481788221e-01
-2.575624867941264107e-01
-2.148839501992151346e-01
7.944913290528028416e-01
3.128439423373641226e-02
-2.992796180303746723e-01
6.944727440080455949e-02
-5.155667108578648739e-03
4.666142310017177414e-02
-6.244357411185790241e-01
-4.337474407363455242e-01
9.571532560574436133e-02
4.446978066277076369e-01
9.516004104150858900e-02
9.960864008607228648e-02
2.649248265769114097e-01
2.112639053857301719e-01
6.607564606443021571e-01
7.464450303433336487e-01
1.005901645969958236e-01
9.639229983129045110e-01
1.448646666553692564e+00
7.655575615620879848e-01
5.043705253205059691e-01
3.693013478402340510e-01
1.132932819912311428e+00
6.826875042844429142e-01
1.415312330219054893e+00
1.118287163130827322e+00
1.429675228752449012e+00
6.203963939707408670e-01
7.819535324669557586e-01
1.339655795685988027e+00
8.863669311319142263e-01
-7.976470762736020959e-02
1.677345480613847251e+00
8.246207035175873168e-01
1.656591646302743470e+00
8.903808655263346639e-01
2.706756381425547975e-01
-3.079284564976674243e-01
8.880583094358054375e-01
3.297755194038841653e-01
7.671104301583553386e-02
8.568190280051741770e-01
1.298361019411628625e+00
2.995234883127191328e-01
4.459750115775847901e-01
6.156066415312599904e-01
-6.823119502677926773e-02
2.694936945921761473e-01
3.742947667589100469e-01
2.460686307622219626e-01
1.315588457360968300e-01
4.568016984315744766e-01
-1.569967065493623193e-01
-3.496849862533209508e-01
4.198269192135852257e-01
-3.162952176912425251e-01
-1.494524731060025424e-01
7.949925635885887187e-01
2.751845778044593738e-01
7.430088477888541210e-02
5.585779885070819573e-01
-9.219602698929563189e-02
8.260556291765737136e-01
7.058591168683296946e-01
6.588038257974750955e-01
7.118948194907215310e-01
4.223733143249646105e-01
6.296045113975410334e-01
2.376558001560852285e-01
3.623634426951901633e-01
1.091219970170614229e+00
8.660115124888786431e-01
7.872195327531528175e-01
8.869506325039384631e-01
7.555109543821207918e-01
1.554271370196586011e+00
1.249794264607372529e+00
1.063501143213189559e+00
8.739851764422915670e-01
9.839206022226518744e-01
1.060174626017120092e+00
4.807779193340226964e-01
9.642780105534786150e-01
1.760788121511398741e+00
1.213132656163800505e+00
9.606855408387183770e-01
7.767925939499316090e-01
5.975460633036375757e-01
1.326028155938436370e+00
3.147449141360998404e-01
9.210949996276300844e-01
2.513308768578744190e-01
5.018182974043955413e-01
7.822409019833648225e-01
1.371400983944823238e-01
5.464025272220408569e-01
3.255119362358714907e-01
6.597403760010749352e-01
7.287885483404069609e-01
1.896372195081975076e-01
-1.033801038523907700e-01
-3.937954597012586211e-01
-1.099895637542011584e-02
8.070650877135640555e-03
-3.120219047787471389e-01
1.512758939301553085e-01
-1.968062166541134639e-01
4.198191490630991396e-01
1.935391585015214522e-01
4.315947665135955180e-01
-1.680624638262565307e-01
6.965101497088540539e-01
4.007684979677860193e-01
3.987119589672458164e-01
4.101687904404663909e-01
-6.413438263942059514e-01
1.530133325571277347e-01
7.060609650907103685e-01
7.310056752160181137e-01
6.712646167698891331e-01
2.175968769379158507e-01
2.464464912960341869e-01
1.214671992088395269e-01
6.369368239827905009e-01
4.723749781343655196e-01
1.186605274316196112e+00
1.254645803560885398e+00
1.241093598472156057e+00
1.180797424327868717e+00
1.142522736386553106e+00
1.613743645257979864e+00
1.738335766394075055e+00
1.244356670148366817e+00
3.940941406468151387e-01
1.044523474071706870e+00
6.879143260075315514e-01
9.994922827275082300e-01
8.568301574286119049e-01
1.736562494232114950e+00
5.582847549539338150e-01
7.520889980144001008e-01
1.207445457104955544e+00
1.169369045652696393e+00
4.778382981575124422e-01
9.485943104450429431e-01
5.822286102400967556e-01
2.466475494136475821e-01
9.641432114427377353e-01
2.762329759476213620e-01
5.322453212232937103e-01
6.387643862122003302e-01
1.238544873128159252e-01
-5.068870537714047497e-01
1.715832382617765162e-01
-5.884318849024122028e-02
2.109152984222645855e-01
-2.915222558369423567e-01
3.091223930539432896e-01
-5.121902902376770372e-01
-1.996859023936300992e-01
1.661273601928974497e-01
-3.194147260396018595e-02
3.558464433994433795e-01
6.231149463231711039e-01
1.686383900146010972e-01
8.677348761622644124e-02
1.031845609897286797e+00
2.497101703378681314e-01
-1.149438297631177885e-02
4.710870422851607398e-01
1.069191494274259302e+00
6.399904525057134030e-01
7.131429198662188051e-01
9.760878822426111157e-01
8.803127985752297047e-01
-4.816802988575819011e-02
3.045300876043144367e-02
6.179244742446283745e-01
1.406762616890537165e+00
1.580528968701446324e+00
1.236625821409545356e+00
1.470707743497494668e+00
8.021748830763698601e-01
8.533850789950391258e-01
1.165111093780008211e+00
1.257651721762566455e+00
8.687980523010779832e-01
1.838873924180954855e-01
3.883094022248189114e-01
2.291302208784867234e-01
2.978883821891665784e-01
1.037600460261180135e+00
1.686415270020316104e-01
9.512504546079628698e-01
2.825790279535373983e-01
6.639804560433348879e-01
6.895079463142106402e-03
9.755464412968812837e-01
-3.020646461522302761e-02
1.084391915211367075e-01
4.262378163213034199e-01
1.139867771079135839e+00
-1.031580506632469030e-01
7.302411000279035447e-02
-6.690316748067659525e-01
3.306422131729227498e-01
-5.510617988995170080e-01
2.886022861311627885e-01
1.314742681556957948e-01
7.060942365799008358e-02
-1.512033467299986611e-01
4.056969592689044779e-01
5.458809094311312116e-01
-1.922364953984596059e-01
7.115778990159189465e-01
5.954403767524303337e-01
-2.856006416242743984e-01
5.790244725344939614e-01
9.247183063341044562e-01
1.131726559077452343e+00
1.091816294219572159e+00
6.444360757043904320e-01
6.602404077724961518e-01
1.193721891156130255e+00
6.375949585713382994e-01
8.476483267063746885e-01
2.564651679484896141e-01
9.259292200414620533e-01
1.000495633046325494e+00
1.273650506979526753e+00
8.767397281185765889e-01
1.083271919023498286e+00
1.273470639894721756e+00
6.569650247137021060e-01
3.236611074221908968e-01
1.085341593944454175e+00
1.234724566248719846e+00
8.393426923930823458e-01
2.961899338370070356e-01
6.734414031835282977e-01
8.694459263653246950e-01
1.089383104087003007e+00
2.343289648663165470e-01
4.794662262791170027e-01
6.753601394747876796e-01
7.825240844986758315e-01
1.513276261922372190e-01
8.912884763518140741e-01
4.083122971473847063e-01
4.696243172681394684e-01
1.457169291743402040e-01
-1.854353771876197376e-01
6.490923138010707971e-01
3.409709871932118941e-01
1.568906735743808845e-01
-3.723958043482638036e-01
8.228815227308913793e-02
2.162212137232280562e-02
1.999998163185712219e-01
3.753090192036053763e-01
4.605322286549567989e-01
1.260283131969820447e-01
2.042833335810076423e-01
6.121909331436802271e-01
-1.055368370837337366e-01
5.545471556471194274e-01
6.026024296161061056e-01
6.808379599550131722e-01
3.115028110103512105e-01
2.807163353272000839e-01
7.991279580299712748e-01
7.379519386102996181e-01
7.717291580056759859e-01
4.405754798624483826e-03
8.453203354702176764e-01
3.817884049839129768e-01
1.260869371116453141e+00
7.025623119583173093e-01
7.041313345921652589e-01
1.045483381072157769e+00
5.247846066948319566e-01
7.065635507871217413e-01
1.337122922374322398e+00
8.819972037254324437e-01
9.677304452017903014e-01
6.672385084955283485e-01
3.804930015520922026e-01
3.768296353901139373e-01
4.274318265944503370e-01
4.410439477139808107e-01
9.703091859752139836e-01
1.180853102049729930e+00
7.989363125642798824e-01
2.414783140011149132e-01
4.410660671597809723e-01
5.092182825545046310e-01
7.735242366599620611e-01
7.714979408804383265e-01
-1.372155175312433917e-02
-3.661631066407597945e-01
2.712236379743945269e-01
2.967133323338352335e-01
2.109509697714521126e-01
-6.336737610265394949e-01
5.581298623315870122e-01
-1.487792562572914090e-01
1.264568416614998969e-01
-2.864367984794627953e-01
-4.086739865842518027e-01
-2.402232425792351633e-01
4.804681571797330131e-01
-7.490449341633514946e-02
2.183920323454658363e-01
9.810307402559250711e-01
-2.530316033221201577e-01
6.771048420730613193e-02
1.091707681014223996e-01
5.033159536838850423e-01
2.245000961522119476e-01
1.122835141589815011e+00
8.569148873967495916e-01
8.253533465973552641e-01
3.844054297453205482e-01
1.011442940751356989e+00
1.012012722261587117e+00
2.266379218498300041e-01
6.406685544152910250e-01
8.887398151038725658e-01
1.412400761326071841e+00
7.551267522523666953e-01
3.502806767620363360e-01
1.692518441014091213e+00
8.034786256878703181e-01
9.012693909714164509e-01
1.938389238897147981e-01
1.235331385707398866e+00
9.728319553646445073e-01
1.093423330695213469e+00
1.103503577178218231e+00
1.386338139269150282e+00
4.977900629173551139e-01
4.078738793058778178e-01
3.237344306913268466e-01
1.052007419170754687e+00
8.746027705942760466e-01
4.997905529425148985e-01
2.596157415609335883e-01
1.127974290174880823e+00
-3.274200726595211108e-02
4.130021565046437804e-01
1.245312005307118858e-01
6.978671073447699491e-02
-2.764850102237542684e-02
-2.287857021897329313e-01
1.963031908471702669e-01
1.345364580135337551e-01
1.900476756452761651e-01
6.473940645098770208e-01
2.638153920920454643e-01
4.805678304031718029e-01
-1.275238831964513320e-01
-2.321526977068906206e-01
-1.469136330471172980e-01
1.656344877947162897e-01
1.343751711809221261e-02
1.800643823032915536e-01
1.889985548965876783e-01
3.564405999626963362e-01
1.228326863790052403e-01
4.928231097171433817e-01
6.613069922684626789e-01
1.091469982031492147e+00
3.815470685779188686e-01
7.925277962646462004e-01
6.740301198998560617e-01
4.522397444774349240e-01
4.616833568912457331e-01
8.599149815538834618e-01
1.219700493799966701e-01
5.244269075314209605e-01
1.086779029786349993e+00
6.653523385771209497e-01
1.652022124655511348e+00
4.328329410488963025e-01
5.890235805009407244e-01
4.647215370658988598e-01
6.972229818684004821e-01
-4.532930593980322165e-02
1.163439786281914579e-01
3.974750546253496553e-01
1.536079527648863685e-01
-2.769368852959848137e-01
4.506786826127114898e-01
5.314023744498672652e-01
6.190420368937699092e-01
-2.844729752441377268e-03
1.892830707477394236e-02
9.775451502611168242e-02
4.607232593662408116e-01
-8.523737470502062985e-02
9.219763739556521842e-02
-5.414983429801945025e-01
4.996584561303828997e-01
3.419672157579799476e-01
-6.762169256562596820e-01
3.220775162116970569e-02
2.017480345887171789e-01
3.096446202013263815e-01
-1.067184042687500667e-01
1.090334480824440150e-01
-4.176238146822882635e-01
-9.324072895401380734e-04
6.872980526854635119e-01
1.427888806118417175e+00
1.993940880664874515e-01
-3.933991281581084576e-01
3.584681866638324554e-01
-1.046749501248598335e-01
5.526141678363183374e-01
5.515791728596943777e-01
3.996233780205538100e-01
3.778274027271678603e-01
6.195977422203058360e-02
7.620448104964753222e-01
4.561603858110947485e-01
1.000142383257320855e+00
9.025702524181841158e-01
9.177331013131281301e-01
5.518242214957844727e-01
7.590185565941138801e-01
1.278839546954378292e+00
5.675207010899603333e-01
2.145494969978090083e-02
1.069044542734431058e+00
3.795327155516427520e-01
4.877408839460455336e-01
1.413454801899305391e+00
1.194229234351395608e+00
6.664641455863083985e-01
7.632021845125722681e-01
4.495057442591243735e-01
4.844965205658295360e-01
2.822372217783459258e-01
2.870235784929248135e-01
2.997199178047100787e-01
5.018405104468348643e-01
-1.017526544827361823e-01
6.017770569595878305e-01
-1.294450526547106239e-01
-1.038143007351602365e-01
-2.211430109186666160e-01
8.568035382315600801e-01
1.660164872754854026e-01
-2.803633139684247877e-01
3.330454648585829402e-01
-2.072459396237152085e-01
1.561014891446715624e-01
1.628890037758342069e-01
-1.778733139542821862e-01
-1.119746159612940994e-01
2.557806515977232298e-01
7.799083747605461969e-03
-6.533383183076685308e-02
-1.891952794055486442e-01
6.264294214476591183e-01
-4.501749772462700361e-01
8.414465993933994969e-01
6.096636432759146018e-01
7.909808024825697448e-01
9.509665280385558583e-01
1.536158767667850089e-02
2.942150073145993749e-01
2.941718393650153418e-01
4.387554822627593443e-01
1.195296448587281679e+00
3.080527864982808284e-01
4.856009903146384921e-01
7.602088039387373541e-01
-2.154097334727622659e-01
1.183477489285029716e+00
3.091584319107704149e-01
9.749442806456726229e-01
8.774499324162490232e-01
1.361267468490051424e+00
1.098191510083439182e+00
1.031554278349491760e+00
5.531522499722920649e-01
-2.792958443613180464e-01
3.868161027168956489e-01
9.198920229771208046e-01
3.215171470076840787e-01
1.821485727527995646e+00
9.225319130335418727e-01
3.179181605206192751e-01
6.979904112863414278e-01
2.323933605028483118e-02
-2.055113519609762518e-01
6.658337205498615630e-02
4.590382993671058287e-01
-2.222958237226546618e-01
-4.657056721803878863e-01
5.702208419181496735e-02
1.735689718025410500e-01
7.688542224065871844e-01
-8.821234838484462437e-02
