-2.290256462645741564e+00
-1.265896452764199598e+00
4.292578309211776966e-01
-4.898863022318561411e-01
-2.419205577915021499e-01
2.012797762489167419e-01
-7.922618455354605294e-01
3.005323005088925692e-01
-1.773303776118142494e-01
-1.227108789712938020e+00
-1.058377000571321114e+00
-2.869550585740210935e-01
6.706534535966038879e-01
-1.048727837981693334e+00
-1.011893994615440606e+00
-2.166334691152103642e-01
-2.501622098059514410e-01
6.539986050691778408e-01
-1.096417860746368822e+00
-1.062691073205558112e+00
-1.414607203814184366e-01
-4.728663638417565096e-01
-5.032979998834257174e-01
1.094399386898717186e+00
1.279028248330016826e+00
-1.580047006550246436e-01
-5.466828543559130171e-01
1.122124437885729353e+00
-2.881684890689772405e-01
-1.573651289056662517e+00
7.657019939162545974e-02
-6.513870711640697975e-01
-5.520197367538570710e-01
-1.202275841370721077e+00
-7.498376682815937055e-01
-1.256499730080725019e+00
-1.361581263562949839e+00
-5.521035172200905450e-01
-1.336745986512682727e+00
3.119524915924980490e-01
-3.268511009220865238e-01
-5.561120577892952888e-01
8.703319764393674385e-01
-1.410996663195757783e+00
-8.483450885544794318e-01
-9.604914910794757343e-01
5.160109630000286884e-01
-9.559197005056383478e-01
-9.896841164224340348e-01
-5.521465541003289790e-01
-1.629127943857747507e+00
-1.067165513741077154e+00
-5.270481824612506250e-01
-3.736188751254830853e-01
-1.448452205882205579e+00
-9.872808144126936636e-01
9.748151951087880018e-02
-5.482747726571401969e-01
-8.357003289854323391e-01
-1.115332858804386040e+00
-2.409421466652729826e+00
-1.021592965358087746e+00
-4.231328084182219840e-01
1.928951181805275139e-01
-9.673376880930524280e-01
-2.936063252313930727e-01
4.162437687131292918e-02
-2.631478949568578640e-01
-1.625057264902429077e+00
-1.175824164175057751e-01
-4.618473093809329910e-01
-1.020098384635442557e+00
-2.656145723555441429e-01
-4.917676756045009645e-01
1.127306573965952685e-01
-1.610045293861920301e+00
-1.279947475116949729e+00
-3.362261321034891726e-01
3.512217961524111698e-01
3.285246113047865513e-01
6.524376732660156497e-01
-2.866096034317424102e-01
-1.102601391041715118e-01
4.773443959872450404e-01
-3.897068487442186813e-01
6.313107678726281868e-02
1.091589337994682829e+00
2.032452675281366528e-01
-1.609141321574452332e+00
-9.943916151039327023e-01
-5.358934206595666883e-01
-3.838531576404115020e-01
-8.580942690757583646e-01
2.105678464006686124e-01
-1.971146978107955472e-01
-1.161171225803329099e+00
7.158146835109612249e-01
-7.261730979543823405e-01
7.726927096291344998e-01
-1.408714492387095341e+00
-1.277747531990520269e+00
4.216490048821893155e-01
-2.695515242029665193e-01
9.743061232447992603e-01
-1.011190885855893118e+00
4.732379806358286700e-01
-2.334610323912687524e-01
1.247765163763005392e+00
-7.699654807016498292e-01
4.995727377624123444e-01
5.276553012921849639e-01
-1.572153926775722577e-01
-1.507373686631023890e-01
-5.480192882030661128e-01
-2.032792425651527957e+00
-1.496271763921653841e+00
-5.198817378130754507e-01
1.400294010524812283e+00
7.395285934898720992e-02
4.828256944912479032e-02
-6.844592270910712095e-01
1.707783336842804700e-01
-2.795008941204308872e-01
-6.001836155034825371e-01
-1.522034572246393491e-01
-3.122781197214896109e-01
-4.552440124784831177e-01
-7.200740709606722190e-01
-1.713351841562723354e+00
2.769286970521298574e-01
7.837411745298162868e-01
-1.049985402810286628e+00
2.514785435541966319e-01
-1.837226308390711993e-01
2.863226399533285171e-01
-9.868618075816361079e-01
-1.866958755558284500e-01
3.777840114352792877e-01
-4.385425275128951306e-01
-2.091323628117916833e+00
-4.034816386237759511e-01
1.677544018275400894e-02
-5.845474772670211649e-01
1.945832775784200885e-01
-4.071634154968282182e-01
-1.763411043486111218e+00
-2.211572276005340232e+00
-7.532932855916828485e-01
-1.187568507017514374e+00
-1.120540850225046237e+00
3.170002820254547160e-01
-3.065505683257709890e-01
-1.541976984273226048e+00
-1.464932937446951744e+00
-1.271467999817432748e-02
-3.599235803222564645e-01
-8.984104824475295237e-01
-1.691630925814461284e-01
-7.232133563391474063e-03
-8.606755399145027408e-01
-1.846354026571807472e+00
-5.708504227193131886e-01
-1.211760351015994663e-01
3.458004690789033830e-01
2.474429562615642064e-01
-1.606745011461744754e+00
-8.396670723764649846e-01
-7.906022927524696264e-01
-4.263541756761990431e-01
-9.781701923035593937e-01
-3.314422097782898646e-02
-4.888690660747291861e-01
-4.223263449744860121e-01
-1.508882253901358439e+00
7.674930191927296086e-01
-8.881529571296420400e-02
-8.515571599558025007e-01
-1.354849776710994158e+00
-5.449722629054212231e-01
-1.714646631548696620e-01
-9.571470893418025927e-01
6.282656809136107912e-01
-4.834628691497783182e-01
-7.625152498090443931e-01
-6.547090003528617252e-01
-5.014540655052983631e-01
4.540498187979890021e-01
-6.328058662775346566e-01
-8.400157254781586147e-01
9.479751298917240554e-01
-1.777350322612673006e-01
-8.698225169884267471e-02
3.860701460767779203e-01
-9.391547502400189318e-01
-6.327653841732573392e-01
-1.152871863201082314e-01
-2.101399527269188217e-01
1.201785903183891557e+00
4.362864338872083358e-01
1.935572901360022580e-01
-3.395260942263476078e-01
1.926970391030506713e+00
-5.842737227742791362e-01
6.574973836114476056e-01
5.209679141992237250e-01
1.073963623220880459e-01
-4.444823803340635093e-01
5.984046532841890143e-01
-8.136143186760502743e-02
-9.870943355012138376e-01
-5.262840592793136540e-01
-1.352493423911376835e+00
-8.498964707051407386e-01
-1.308347924387520012e+00
-9.220837901088652089e-01
-5.045211728205138968e-01
-5.674019204613436340e-01
-3.950016544551818720e-01
6.448922495547352307e-01
-9.562168202637992831e-01
9.476264455273379905e-01
7.968419036976537306e-01
-7.731202636312017873e-01
-6.410354670474471828e-01
-1.398335255808205169e+00
-7.912534129632649016e-01
-8.267325533735272458e-01
-1.373547622135562696e+00
2.988756117889778130e-01
-3.060221336533790470e-01
-6.519759186403289997e-01
-4.853343815378721171e-01
-7.805219078621925544e-01
-1.868517171135970489e+00
-1.011683181261405551e+00
-1.782587222932635607e-01
-2.956143552451527268e-01
-7.272832335864946041e-01
-2.552885854372002328e+00
-8.143100485386189913e-01
-5.152908021699530439e-01
-1.074737981897349481e+00
-5.204737606579779019e-01
-5.159394668465859812e-01
-2.857863736949424194e-01
-9.603230726941636153e-02
-1.210239332734129647e+00
-1.549446147437901988e+00
-1.588650825057354332e+00
-2.333580122742225926e-01
-6.349143785571593757e-01
-1.477746833227830958e+00
-1.754289956123393779e-01
-3.306140685640390764e-02
-5.522986891079812999e-01
6.701665592866848931e-01
-1.517753554806054783e+00
-8.530902930501693682e-01
-2.223691710412205591e-01
-1.856228074266560668e+00
-2.256812436080224415e-03
-2.026187685036829222e+00
-7.134659297916691179e-01
3.286310930523228535e-01
3.888558722022674718e-01
-8.126605680120746467e-01
-6.483597588614246066e-01
-1.019523942013967677e+00
-4.424396989126772040e-01
-8.191260422773936067e-01
-2.014512225704487403e+00
-9.961109820581784957e-01
2.767433106024452805e-02
-6.888911384880267441e-01
-1.209870254601686401e+00
-8.582916327144640700e-01
5.288349963998835168e-01
-7.012222083672547956e-01
-1.073612541980810242e+00
-8.166216855599131019e-01
1.004357774112327739e-01
7.985942276012610863e-01
-7.836230658925458226e-02
-3.902201886392849817e-01
-1.576137243211261696e+00
-1.017006502368464682e+00
-5.959107531118001955e-01
5.545793695313339100e-02
-1.058674259826168473e+00
-3.004976222426766208e-01
4.114594380036081245e-01
-1.070240173679031681e+00
1.746215595514396812e-01
1.261710405303804627e+00
6.410140161885791166e-01
5.178752225940578269e-01
-9.366057967090272163e-01
-1.079614477146923379e+00
2.443939534978902539e-01
-2.007504345909891935e-02
-1.138953203757198773e+00
-1.091093218507055707e-01
-5.837970575904363191e-01
-9.834843753149814516e-01
-4.874866955641573574e-01
-6.486567029614189739e-01
9.382090532625067536e-02
3.483298902919804707e-01
-1.400889026384263714e+00
-1.234177888859794292e+00
5.302375799647051080e-01
-1.219894296590580129e+00
5.529425965026424361e-02
-1.507935558310935509e-02
1.700200940067425615e-02
6.720027460180382217e-01
-1.373553771023737213e-01
-8.313891449591834792e-01
-2.830633285904369245e-01
-1.213316211679253409e-01
6.236326193627221848e-01
2.227555167314624884e-01
-7.467116811236708118e-01
-2.606121283001789912e-01
4.080880820050769575e-02
-4.323796170407029349e-02
1.998727694004495126e-01
-1.082440465558031084e-01
4.697239346769973567e-01
-1.825665272093902392e+00
-2.360705216095780656e+00
-8.862156507320946286e-01
-2.925230821136323711e-01
-7.666990079708908556e-01
-9.982649823472287132e-01
1.798837855421625553e-01
-2.041048268118951015e+00
-5.997808703721904111e-01
-1.447852644316458548e+00
-9.225033869014336307e-01
4.077165000235950520e-01
-7.823118756829228193e-01
-1.942450894574151654e+00
-5.672525169893363195e-01
2.052622870793402443e-01
-5.130316426593130030e-01
-2.746823723829139308e+00
-6.827696923555750530e-01
-1.943287126043110602e+00
-1.337332527546922334e+00
7.939262659872590167e-01
-1.674972850868271967e+00
-1.271555057736129424e+00
-3.256950022811778700e-01
-1.130805237055627632e-01
-6.824907470151475586e-02
-8.162871273836731500e-01
-1.162502366394426501e+00
-2.367996982245774706e+00
8.167147696464337470e-01
-7.478208386738990354e-01
-2.030552102011209392e+00
-7.183011683708425688e-01
-7.288137455645264939e-01
6.773533146328147847e-02
-5.836399709641492128e-01
-8.233884432800351316e-01
3.998728761331172832e-01
-6.869778035042362063e-02
-6.363955668012598599e-01
1.146030666488002669e-01
-1.488081726272418415e+00
-1.362591089254528764e+00
-5.267076380096344934e-01
6.270573873794615949e-02
-1.666297500917136132e+00
-4.451045337735463625e-01
-6.328774170879761796e-01
-1.193046239435867850e+00
-5.491382133919378017e-01
9.076739406418893319e-01
8.798962399552164859e-01
-5.555299067967075510e-01
-8.516709648224723983e-02
-1.101284458766913721e+00
-7.086840437838295426e-01
-1.883373765509605557e-01
7.002845390578744666e-01
-8.809477078331526823e-01
-3.650204249638995257e-01
-6.717767044999136683e-01
9.223785904320163098e-01
-1.935977362038442173e+00
1.305317392480280780e-01
-3.167464884497360744e-01
6.978980389515593297e-01
-3.368845446048030490e-01
8.865697356243880112e-01
-1.961530362655498905e-03
1.615301979948707001e-01
8.197872302887124762e-01
-4.085955460524129390e-02
-5.318272834933805981e-01
-1.054243646480715446e+00
4.110850240504824171e-01
-6.128841532195995478e-01
-1.211440567532332757e+00
-5.526267669262848736e-01
-2.377022030409803310e+00
5.968838147671882144e-01
-1.421147965768754906e+00
-6.791203187650016737e-01
8.633577612958276415e-02
5.174046018889194576e-01
3.501981120021055438e-01
1.024049422332045656e-01
-1.935576008320310792e-01
-2.675076105517304459e-02
1.382155181829225477e+00
-9.297488662913823143e-01
-1.261512054004871652e+00
-9.678113558859395837e-01
-1.482916203373964015e+00
-1.334182237764216294e+00
-1.753093600763147575e-01
-9.117197487363923880e-01
-1.030876169192731728e+00
-1.526601904757672212e+00
-1.457574222205066716e+00
1.385910010889263022e-01
-3.065086594023272437e-01
-1.322153248684716065e+00
4.035121404176836846e-01
4.298092209685505649e-01
-5.793572459592233326e-02
-1.290551737341354199e+00
2.540897446716153807e-01
-1.524550390776234554e+00
-3.129868609562705406e-01
-9.163496686211987097e-01
-1.586628002566884632e+00
-2.248927415744375935e+00
-7.697937884938437225e-01
-9.587653213075012504e-01
-1.542709092837553086e+00
2.196718591707519375e-01
-2.052949839330295401e+00
-1.762083317290126461e+00
8.928179268334224261e-02
-1.776205106468666806e+00
-1.921635599901424518e-01
-6.518653729947340159e-01
-6.199070587601152038e-01
-2.124355011360722578e+00
-1.120427802117329730e+00
-4.195117451338865600e-01
-8.083975355577139865e-01
-1.306921847827901662e+00
-2.911022903492208602e+00
-2.252765867258505583e+00
-5.565602842708958775e-01
-9.259807039665113315e-03
-1.098725134740040410e+00
-2.490173929893875204e+00
1.122158064025207791e+00
-6.834817885956473438e-01
-4.884665306389034400e-01
-2.925498289239542582e-01
-1.171408375316150385e+00
1.027710085361209558e+00
-1.712881894849457076e+00
-7.017090223380947345e-01
-1.970039580250363187e+00
-2.918730320941016476e-01
-6.427444737195845414e-01
4.791102463591390137e-02
1.128407487575444623e+00
-2.821102528728456349e-01
-1.115008107771974899e+00
-3.328067277570123661e-01
-5.532452902544424678e-01
-1.666068387030819609e-01
9.406545447266755344e-01
4.056488677781000529e-02
-8.352396929049379359e-01
-7.895572528430544468e-02
2.721711190892571741e-01
3.726159191714528696e-01
-1.062108243666070928e+00
-5.220089873295576943e-01
-7.610563722394050323e-01
1.365644627441276571e+00
-1.093051098743688387e-01
-4.758601176146924905e-01
3.508871637699315094e-01
-5.486090017134382935e-01
4.101134460013871608e-01
2.153192935890617221e+00
-1.032127321918089868e-01
-1.234770728768434633e+00
1.690390768716837799e+00
3.679284985070448988e-01
6.658817584196050632e-01
-5.227353366323015393e-01
-1.265891711086998273e+00
-4.650054714309104775e-01
1.791811861208618684e-01
-9.861893408701898345e-01
-1.318469719661805151e+00
3.709837765812910582e-01
-4.151734826453650218e-01
-1.000453238103209408e+00
4.021041666847623430e-01
-2.313641080023345342e-01
-8.644025788948896949e-01
1.614574835542264553e-01
5.756351739085290298e-01
8.095625762732520103e-01
1.536771967876369605e+00
4.164671267218919004e-01
-6.918635679743261324e-01
-1.992599772346371201e-01
-1.713494118730376492e+00
-9.691323612555837741e-01
1.211408066870416356e-01
-4.403987789165452749e-01
-7.509232564994654524e-01
-5.574801151233069740e-01
-4.855109574115359372e-01
-4.101689855254829764e-01
-3.544569608326104126e-01
3.380576165791423504e-01
5.177279725392996967e-01
-1.044452270270413319e+00
2.203949697382608930e-01
-1.262756936080248416e+00
-2.186959348390536739e+00
6.466302901898346445e-01
-2.950215303299230651e-01
-2.158036145255725069e-01
2.283490054118308965e-02
-3.098344400742423232e-01
-7.205835017597623793e-01
7.104119039065949215e-01
-2.422464492519843748e+00
-8.158898955245821316e-01
-1.003955215436068915e+00
-1.783318154294927904e+00
-8.592423812417081530e-01
-1.443614211684889348e+00
-1.253300073184387076e+00
-8.994690713938714444e-01
-6.975944565665888053e-01
-7.226009650596760814e-01
-1.064341194190439488e+00
-5.590285952993954144e-01
1.408944317709112104e-01
-5.608465107908453540e-01
-9.647323015933656487e-01
6.630258077814843443e-02
-2.619173791893710801e-01
-2.190105604809301276e+00
-1.317284831257512501e+00
-9.167259728800954965e-01
-7.657396879238890230e-01
-6.084585233056331033e-01
-8.327406509808986668e-01
-1.106016607129565177e+00
5.990148527636707243e-02
-1.310706826264078639e+00
-2.520962493871643062e+00
-6.405403574516592702e-01
-8.804878416833850086e-01
-2.117363738542353602e+00
-4.192263388096016952e-01
-7.674781083056456676e-01
-8.047903675386420819e-01
-1.337359088489787462e+00
-3.445443646325957454e-02
-1.358466169015737357e+00
-1.795610473538181040e+00
-4.124782445803207853e-01
-6.104538482232035879e-01
-2.140330649045880940e-01
-2.268737857615713560e-01
-8.129183593278956899e-01
1.823478175223690045e-01
-9.063313126730749847e-01
-9.208869895319022891e-01
-8.192768434292532209e-01
-5.061567054960626200e-01
6.805479921472807892e-01
1.620463569792990055e-01
1.203789791507989815e+00
-1.371885571808956206e-01
-1.048172237936500772e-01
6.980398610975034612e-02
7.123715760060813640e-01
1.275658767806969740e+00
-6.151889279777907893e-01
-1.225345537028307064e+00
-2.957956307199974821e-01
9.483330043308666468e-01
1.306850578710679223e+00
6.115736002587960352e-01
-4.128141030891774310e-02
-3.247193404484801094e-01
-1.457084388295578847e+00
-1.498303765207694260e+00
-1.116531786380338120e-01
5.544857832568541589e-01
6.961654348393915281e-01
-1.315222137197555652e+00
2.467418572035566804e-01
-3.133129003827432868e-01
6.214652395504866034e-02
-1.887409466054992047e+00
-1.557684461316194202e+00
-2.277269730520599389e-01
-1.130547335950283783e-01
-5.022605542794137401e-01
8.453340242716100850e-01
2.752650712726624760e-01
5.385429122332134888e-01
1.132974887308116907e+00
-1.332065430910039927e+00
-2.851000721310670838e-01
-2.548254595672271861e-01
1.766279382055020442e-01
7.498326536669900344e-01
-9.011584079997559948e-01
1.466075171449477965e-01
6.861477212445413754e-01
-1.658331177851123606e+00
-1.006324472940217207e+00
-1.319589516022696696e+00
-1.488007912891557316e+00
5.634879373640910849e-02
-1.322851110852215628e+00
8.183334145870324594e-02
-1.086440476033654789e+00
-6.026958628403857876e-01
-5.134117670303108838e-01
-4.310143666371335502e-02
-1.014204994779382307e+00
-1.727803281705911687e+00
1.123187901473305939e+00
-9.052008186161858427e-01
-2.328881502677291326e-01
-2.080210874671795107e+00
-1.198925787809929755e+00
-1.232948138209398969e+00
-2.324064260387593173e+00
-5.129949103216840944e-01
-5.277104054445198589e-01
-9.611561195108555555e-01
-2.140240534885058388e+00
-7.335892376231060164e-01
-7.836023873918376292e-01
-5.994440468700167335e-01
7.201377483214788100e-02
-6.682801007123706505e-02
-3.821730820375810467e-01
-9.491335241888415597e-01
-4.924730899110407734e-02
-7.402786059438737354e-01
-3.380964696533043101e-01
-4.652671312826850425e-01
-1.457312238083420031e+00
-9.976695910443998949e-01
-7.090714930946325767e-01
4.187724434557252851e-01
3.054981915338776943e-01
-1.044046995617490037e+00
-1.897302298947614263e+00
-3.751024684514510654e-01
-7.708255497116073274e-01
7.477740484666921539e-01
1.068191469833583152e-01
-7.351475362274356717e-02
5.325985324496607110e-01
-4.126832578386945838e-01
-7.764783910700364666e-01
5.003818367238226372e-01
-2.969201381360481173e-02
-1.597139455352640791e+00
6.817346882783724693e-01
-8.216335365244502587e-01
-5.687924375010813272e-01
-8.209174134263881317e-01
-4.628358685422673258e-02
-2.775611968271379792e-01
-1.693183004269479819e-01
-1.447937741789509847e+00
5.303011868887869129e-01
4.407087254698490719e-01
-3.797154978589183105e-02
7.077993859166820112e-01
4.787326349058779740e-01
1.080440366783069900e-01
1.416493439181919944e+00
-2.778262573742722868e-02
-1.034068529397614844e+00
1.144505633782508386e-01
-1.331833750479805900e+00
6.700312934091270933e-02
8.632060327088394436e-01
7.220467591389981843e-01
-6.420629180714836348e-01
5.711683599066297301e-01
-1.817218449703412952e+00
-8.661943336753573641e-01
5.079227833639612388e-01
-1.054731914705323570e+00
4.403647242149689167e-01
-1.572709868732530936e+00
7.464105176292457067e-01
-6.831489456520853931e-01
2.872150846052540230e-02
6.379166553244776106e-01
4.533311838472292021e-01
-1.363662540283839819e-01
4.692053336716156542e-02
-6.913169112740891187e-01
-7.780426478400477297e-01
-1.095311649686785627e+00
-7.574215075368155858e-01
-1.470576001654686493e+00
3.889171581720428650e-01
-2.383635886861384390e-01
-5.789098381945216865e-01
1.861086590265526031e-02
-2.554133397013220175e-01
-1.238311421072625818e+00
-1.274995061930920937e+00
-1.219801545979064095e+00
-9.539059784926127161e-01
-6.510274305122558669e-01
-3.484599218015724253e-01
-8.623875292212856980e-01
-5.714192295717630543e-01
-1.762088405716678796e+00
8.929370185962474116e-01
-3.383699336394406787e-01
-2.043637912541138135e+00
-7.294494567586005118e-01
-1.239030361975098193e+00
1.623149469797605882e+00
-1.848449278644837213e+00
2.271241328955264649e-01
4.882901840878834943e-01
-5.394555128295660529e-01
3.273344978556758100e-01
-1.029317531143821185e+00
-1.391717786637030718e+00
-1.816379937579764903e+00
-7.997798880470436966e-01
-6.759378877596455837e-01
-5.949285667564306879e-01
-1.725166049881462271e+00
-2.544109673859275222e+00
-6.948019019715442335e-01
-6.703877336313036617e-01
-5.684435372476991377e-01
-3.592448161399958151e-01
4.052226855332783373e-01
-2.008929860027840242e+00
-1.502684364344763157e+00
-1.697110513052788594e+00
-2.442609365159381096e-01
-2.084808135678911101e-01
1.301600590012834235e+00
-3.888079115415155051e-02
-2.979653399557657956e-02
-5.540715753519076525e-01
-3.131062336472018037e-01
-8.883494874673050212e-01
-3.912995977872151254e-01
2.826447777914492532e-02
-3.803150483634433199e-01
-1.613344234419516354e+00
-1.176105858097989287e+00
-3.994008078945328055e-01
-1.766342885034850874e-01
-6.965674622280082495e-01
-6.748460298061269569e-01
-1.583566878037388603e+00
-8.370847016067189950e-02
-8.016728510799243645e-01
1.838879489336342210e-01
3.571029880167825854e-01
2.999237725185950332e-01
-8.743091725225226041e-01
-2.193765984053343221e+00
1.009977966576175668e+00
-1.249526962358395110e+00
-3.057521195264178426e-01
-1.603804135645960027e+00
-6.562711830696605908e-01
-5.863278553897636192e-01
1.127078615585865418e+00
7.586658648465041677e-03
-5.831200578436499526e-01
4.329989289371308225e-02
-1.307879488805102852e+00
-7.192568244117809595e-01
-1.063771576232902527e-02
7.300060068226149612e-01
-1.016247324718748901e+00
7.321797356015071756e-01
-9.667300084740684807e-02
4.178158955800186369e-01
5.037322970534429123e-01
1.418217940165815483e+00
1.272955341395056728e+00
2.299137654755639026e+00
-3.403219703323284717e-01
-9.933847045475885373e-02
-1.350196036443260805e+00
-7.159380260537400176e-01
-7.623507800627091768e-01
-8.499257133942644815e-02
5.184143900530098215e-01
-1.275578948589815464e+00
-4.849875149177718114e-01
-2.158043606844279427e+00
-1.893947401903695038e+00
-1.147295834897808842e+00
-6.125161075469157668e-01
-1.059736372719936481e+00
-1.884757061318377058e+00
-1.614712511536914308e+00
-3.968087796968347014e-01
2.092244141546040215e-01
-4.329347031370329724e-01
-2.097804356334868281e+00
-1.310279930791866443e+00
-6.594915116639669117e-01
-1.870474890087210795e+00
-2.936245046154558613e-01
-1.440827787524178172e+00
-1.391831177518884743e+00
-2.069696328617442571e+00
-4.510014014338794008e-01
-3.171909176531838570e-01
-4.837542178543551286e-01
4.255929251025758475e-02
-1.224985844342547425e+00
-2.428277052184115714e-01
-4.488207606482980117e-01
-1.379235311874845493e+00
-2.174900488412582211e-01
-1.777965409492169524e+00
2.177673861082451978e-02
-1.057585537972195899e+00
-2.773748580471011582e+00
1.002415060284453929e+00
-2.854614255289285030e-01
-2.176053408427633507e+00
-8.836362811888043289e-03
-9.732604963426589872e-01
-3.966205251822820244e-01
-7.440486802403926125e-01
-1.484668154664029238e+00
-1.407651822278833675e-01
-1.163453101814435175e+00
-1.381270265587209334e+00
-7.076907969501144979e-01
-3.694328298332167915e-01
2.157336876694740946e-01
-9.211242222752600295e-01
-3.195374412285629795e-01
-1.279396128242333841e-01
-6.608543477282727840e-01
-3.919255995391196512e-01
1.363768588551517169e+00
-1.049665821758897000e+00
-8.238767558444211048e-01
-4.079919478914408315e-01
-7.005916634156910128e-01
1.964263641604828692e-01
-1.217519522584235236e+00
-1.054319309011465755e+00
1.713991873806192667e-01
-1.227751105803354559e+00
-4.876826023199054005e-01
-5.135971578701143958e-01
-4.401018111973987734e-01
4.602567730409338198e-01
3.869516628386173718e-01
-5.723939579964673618e-02
-1.017981184307573117e-01
-9.933409963406000243e-01
7.892587328175504346e-01
-9.495951852866618692e-01
-1.452730276537681497e+00
-8.915841344685782044e-01
-1.037751468238281571e+00
-1.507752659632197734e-01
-1.440403451325584783e+00
-1.773288108328315182e+00
5.112914310854627109e-01
-1.250970556688828283e+00
-5.934294802616719294e-02
5.671247221720256970e-01
-1.167937542745535850e+00
-5.173143947898221073e-01
-1.204548302328372733e+00
-1.246961386607845224e-01
-1.903245601094067485e+00
-1.183856412408019754e+00
-1.649381342967113917e-01
1.055721178236366020e+00
-5.736553065492209225e-01
8.136640551548701694e-01
-9.769279555569165829e-01
-1.197548235369075842e-01
-5.802966293191054170e-01
-2.479987420462729464e+00
5.504389523141414164e-01
-1.216673382038595541e+00
1.592458544458022374e+00
-4.319322968795976658e-01
-7.489018288130044887e-01
1.381957756029019713e+00
-2.441479951452187880e-01
-5.620396341728373102e-02
-9.192857079387446451e-01
3.853076893170763739e-01
-9.382617379216720011e-01
-1.260947138508251353e+00
-1.904149411651541168e+00
-9.766342353138123267e-01
-8.944795446763905700e-01
-2.879981968292388839e-01
5.288749725588191009e-01
-1.067358584553234069e+00
-1.309157433016994165e+00
-9.063693316469425554e-01
-6.359440994722137530e-01
-1.387741262698448885e+00
-1.036893356448898462e+00
1.509736434496931068e+00
-1.265243486269293616e+00
5.447621237098465574e-02
-1.043859749933828240e+00
2.066823593449857999e-01
-5.655087557395614972e-01
-1.248794476006280352e+00
-1.974000660944995822e+00
2.447795268033934324e-01
-1.736137317670767732e+00
-7.506357008729834801e-01
-1.534563998069222501e+00
4.349649369893539008e-01
-1.144453034044747186e+00
-1.053903508677619172e+00
-4.808544196668800286e-01
-8.632056181798754002e-01
-1.663606425486051865e+00
-1.289250662640320622e+00
-1.455586757611256887e+00
-7.442909907078621989e-01
-1.160618266512438046e+00
-1.620025853336229060e+00
-1.787873258137543830e+00
-8.107139088157364615e-01
-1.488279118079225860e+00
-9.576301082711825563e-01
-1.151127915300714788e+00
-6.932578296612849078e-01
-9.301879827653513066e-01
-2.204244805751238712e+00
-1.567643006355941449e+00
-3.552008375394570816e-01
1.619199857632342532e+00
-1.672331349002367684e+00
-7.968437658521552169e-01
-1.765661362965018188e+00
-4.404794178259044402e-01
-2.058645630479208621e-01
-5.787566381599226206e-01
-2.641630567162798648e+00
-5.953092918759521623e-01
-9.305121231612143440e-01
-1.816484477121801167e+00
-7.853710223569572157e-01
-7.779170090792258963e-01
-1.415045238340379097e+00
-3.816145264852983665e-01
-3.720452162271719043e-01
-3.534352476824259015e-01
-2.263617648721257591e+00
-1.699273940764704782e-01
-6.229814736874891151e-02
5.112233920297019063e-01
-8.259918141890774113e-01
-1.695240972568766158e-01
-2.318752857093545339e-01
-1.455698254483367149e-01
2.344757787371003210e-01
5.903688084892135812e-01
6.476265712372026861e-01
9.955317155645372340e-01
3.841757066538199483e-01
-1.062035959761134407e+00
5.829993516015431754e-02
4.809339148065431280e-01
-1.119748702531154105e+00
-8.990729665014753902e-01
2.689699048121571012e-01
2.062990372738053857e-01
-7.845834462725509439e-01
-1.104073563414642578e+00
1.441273309226292154e+00
1.575626959888884571e+00
1.545367542854531928e+00
1.891473691139063384e-01
-5.049403716981619716e-01
1.022525612468475842e+00
2.474025269702488039e+00
9.986359083377720491e-01
3.883770709520880660e-01
-2.061186284238283317e-01
9.240013042857748715e-01
1.371489327390051471e+00
1.480478635496810913e+00
2.074907235477863043e-02
3.314426909062573312e-02
1.627726729109906678e+00
1.244360331381340501e+00
1.536706216106321410e+00
2.069080145087187628e-02
1.703109051997682588e+00
-1.376828194582380149e-02
2.172689535644216630e-01
-2.879308733197241121e-01
-9.448250005318870048e-01
2.530631313047190467e+00
2.873922863028782748e-01
1.218068785501390527e+00
1.679087753735473587e+00
1.356845584664943427e+00
-4.850463027982797604e-01
1.356205261650934801e+00
2.048837890411826734e+00
4.929636330679079692e-01
2.175610935567524606e-01
6.817584763249322499e-01
1.838871205342973436e+00
1.413569574235660875e+00
2.384248999111238554e+00
2.744774554438773606e-01
-3.037286367014284671e-01
1.058275268285528092e+00
1.694000229694947679e+00
1.478425788785943995e+00
8.122199011936559465e-03
1.522168125668682315e+00
3.833411299478839962e-01
1.235875118755630497e+00
9.834409758008209046e-01
1.018404760266354847e+00
1.167420334119187997e+00
8.667533820279182954e-02
1.772006786729799499e+00
1.160591826665652526e+00
2.092290682306912508e+00
-2.815268061013551648e-01
1.122300094559902650e+00
2.556652403240717297e-01
1.500702175510652658e+00
2.904360833642574691e-01
7.670069397959536905e-01
-2.486159492319800490e-01
1.943827818868323565e+00
-1.281441721402727385e-01
1.380346626960189949e-01
-6.407363101368501734e-01
-9.828197242087750585e-01
-3.656362285156227188e-01
6.448511336128088800e-01
8.461146052719321631e-01
5.760578485788909742e-01
2.524863432450762391e-01
3.425381816752998132e-01
-3.289613874967223239e-02
7.909718885620167228e-01
6.627811848445364085e-01
-9.169031513810543821e-01
1.488657784226220082e+00
1.087252080565400902e+00
1.090343223030301845e+00
6.024845539223964153e-01
7.169655398425952564e-01
1.480189428065813440e-01
8.313770609388678734e-01
7.221586746105228549e-01
1.140757627932157195e-02
-2.967389889932767547e-02
1.109043902360646427e+00
8.774569648697471136e-01
-5.315981473375779309e-01
-1.029573647170015649e+00
2.505656875553455842e-01
-9.665338350826723213e-01
8.035663133551799175e-01
-1.312553619326595200e+00
1.151898733709977085e+00
1.117786587135362053e-01
-1.566451200322839521e-01
-1.633999225095521535e-01
9.306081835021573490e-02
-1.794631113507589859e-01
-8.247509296687033364e-02
1.266888639585916243e+00
1.098635903234451483e+00
6.772988457457100875e-01
4.206909496870063769e-01
-2.681800542812178278e-01
8.125104249385253219e-01
-1.591662641522173516e+00
8.345092923972923238e-01
-1.581338539771852680e-01
-6.346687057709221591e-02
1.358291655743563142e-01
-5.693841253735494323e-01
-4.985066662603707677e-01
1.471193892150075788e+00
-8.179839353363732579e-01
4.022269911806969356e-01
5.759738961646468924e-01
-2.907679056575389609e-01
5.232476519174120710e-01
1.238033909326596405e+00
1.502775665281338213e+00
9.361941177978109208e-01
1.244468746192263220e+00
5.732181256291654092e-01
-5.282843357149786812e-01
2.001124039912600683e-01
8.861948519338249675e-01
4.588130885602229592e-01
-4.012696043697357995e-01
-2.032995709687800412e-01
-8.991897335789132972e-01
1.647014168556152125e+00
2.597204683296226335e+00
-9.385567894804958122e-02
2.328085760172462493e+00
8.035628653905898533e-01
1.013714274294831963e+00
1.579816525870763044e+00
2.135755214236016997e+00
1.786132833251913077e+00
9.617982633014738880e-01
-8.230914729428669974e-01
3.500763899845713567e-01
1.150615582513429880e+00
1.509698067414861011e+00
5.154853297734083295e-01
6.418309935021115908e-01
4.537835468388077276e-01
2.868394223153664102e-01
1.552815111343288645e+00
-2.473910304916316916e-01
1.674171863758849188e+00
3.694319150655853146e-01
-4.691338252767107697e-02
3.747039392200002261e-02
1.604451216901612742e+00
-3.128441411592738364e-01
1.154258478407338639e+00
1.032635392578879818e+00
-1.035029987700440524e+00
2.392651235153758771e-01
1.538004069195423762e+00
-2.619762916691694143e-01
9.282683021473253637e-01
1.935171314367769568e-01
1.316828460843841864e-01
2.769590075765743009e+00
-1.142152344582203050e+00
1.244526569410159267e+00
8.668292071297758472e-01
1.645449446647204494e+00
-5.623933668262142138e-01
1.034670414057639043e+00
-5.394100419127255686e-01
-8.643688281959258646e-01
-4.987195989737031598e-01
2.675108410064492848e-01
7.121994290111588466e-01
9.715075926290343000e-01
7.459678974972357990e-01
-1.341539930648660839e-01
-8.194874987358381491e-01
8.815817200218833971e-01
1.429069434955367035e-01
4.191562823886716416e-01
8.633754878134719535e-01
4.390282460575891665e-01
2.518774813200309604e-01
-5.374689435273443117e-01
4.664183846223620700e-01
7.701857137674682496e-01
3.864924914514581977e-01
-8.422206521582441541e-01
5.204688081963482205e-01
9.375774554776707959e-01
-2.243342652725903996e-01
-1.616179024936964526e-02
1.048543443873135583e+00
2.123025961882959445e-01
3.852504035747494893e-02
2.035777072649632480e+00
1.566876084793776269e-01
-9.635122707054434299e-01
1.413635998013656803e+00
3.466242899316228643e-01
3.687033850630687670e-01
9.150838200850206494e-01
4.433677148275172453e-01
5.997714345107901801e-02
-3.297033915491400791e-01
6.000023809468020275e-01
-2.662662447516332964e-01
1.099628365876047287e+00
3.807345525108055684e-01
4.793846174326003573e-01
6.120586075230425305e-01
1.075682312911073968e+00
1.492673701204003889e+00
8.699090143432608446e-01
1.503365453298231680e+00
4.982748094326389099e-01
-4.307253426607093871e-01
3.072782773933333544e+00
1.363773012483966651e+00
-9.279977069316929228e-01
2.506804638362591042e+00
2.303040256563321231e-01
1.093710349849176922e+00
-2.147431501725268754e-01
9.233663716314242098e-01
1.193740103389192564e-01
5.695013233985712908e-01
1.861446323304354111e+00
2.595594769886775843e+00
1.963366923718188328e+00
1.805470408259607584e+00
9.257950315355345516e-01
-3.028115694922837164e-01
4.532162323153407502e-01
1.524559717620424859e+00
7.174215926278524336e-01
5.658331035533080700e-01
1.859418084275250571e+00
3.256788521000586467e-01
1.694151772524691291e-01
6.838784728223675780e-01
-1.331439284910944654e-01
1.244720351955019844e+00
1.599503681724374404e+00
3.021513296673838944e-02
3.738458688813648401e-01
3.442548107976333704e-01
4.869210895857232768e-01
1.680929713476110976e+00
7.521790678127660001e-02
1.234385785607349240e-01
-1.554435595439161988e-01
-2.605483135219281987e-01
4.284589111228410685e-01
2.358276405761276617e+00
2.088399165264470114e-01
2.133971717796360412e+00
7.970284136655593210e-01
7.398011487478832748e-01
1.985235342493645971e+00
7.793861278696078143e-01
1.409956504776465280e+00
9.385326464597524287e-01
9.388919780797380099e-01
1.539152642516535829e-01
1.498090951488777023e+00
6.885956547890569324e-01
1.297014475704895808e+00
-1.215366902779591030e+00
6.757839604575204273e-01
-7.476018347851107748e-01
-1.338699187155125925e+00
1.188792006276367497e+00
1.017340450171516419e+00
1.053332058805269700e+00
9.836860733719140493e-01
1.199031924224579937e+00
8.541613545268748886e-02
6.334917901760432901e-01
1.716603225618509532e+00
3.056997078996018247e-01
-3.947816379166433909e-01
-4.703429260226758557e-01
4.680884755480752002e-01
1.060108548702392905e+00
-2.387872581069419575e-02
6.825559034269266245e-01
-9.684088732555794499e-01
-9.053537521467203142e-03
-7.221952059822400738e-01
9.498328140293502697e-01
-1.519781654900067558e-01
1.635297612329650763e+00
6.730384322395951968e-02
9.050491447245707644e-01
9.387120368737105203e-01
-2.527690501026636505e-01
1.518454445291131716e+00
2.140023811322309399e-01
3.878852543328487057e-01
1.785938946788464987e+00
1.579094418599243044e+00
-5.059621417883459760e-01
6.287694392114950848e-01
1.027316338050408895e+00
1.909205830192400200e+00
9.016211241742041471e-01
7.798532851960648937e-01
1.479832873579976393e+00
1.707688411809096807e-01
8.118743039016181884e-01
1.098247503327155927e+00
1.555558417706977004e+00
1.636730470865536136e-01
-8.975952337105019829e-03
1.022955083969467216e+00
7.991945435577685330e-03
5.890243387820333076e-01
-4.927152004272632446e-01
1.079718833058476823e+00
1.104023900834473437e+00
8.352433696217002046e-01
-8.046043091294229344e-01
-4.692349718643223921e-01
4.866262946943333834e-02
6.299070693831985146e-01
1.070826765337711262e+00
9.670882006991956548e-01
3.117355446435957633e-01
1.180868179974034815e+00
1.918105167322463611e+00
1.980568005904919104e+00
1.045498886222898882e+00
1.773223356815685658e+00
2.936462074187030424e+00
1.993883610789758620e+00
2.108793782198580269e-01
1.228908639750033727e+00
1.749039465123042980e+00
2.775344308903393564e-01
1.954748098824530267e+00
-3.922397296331427974e-01
1.161869670588162373e+00
1.181321122254551437e+00
2.406962112337315829e-01
8.676750733920047809e-01
1.656938397963288345e+00
9.079979551942763960e-01
6.248418340935828486e-01
7.170518054606286329e-01
-1.341757154787873718e-01
-3.899641815153929159e-01
3.581769774471008083e-01
8.710615457896357938e-01
-4.197589454099650563e-01
9.252566138123700101e-01
3.132872936649118700e-01
7.354878454441815538e-01
1.557025766662257560e+00
9.203892335252024104e-01
-2.467829721792066389e-01
4.182204773777236650e-01
2.342507308932889609e-02
3.828701214687270094e-01
4.469121253216170042e-01
1.389732608262999325e-01
5.588907224346604252e-01
-7.021601560963661726e-01
2.722370722896107487e-01
1.861574390710583338e-01
2.082331535604847739e-02
4.017362418039244765e-01
6.196634181035191036e-01
-4.316573070557270242e-01
9.512320260512168169e-01
8.633928613911088235e-01
9.417659688753524660e-01
-1.510659106935486884e-01
9.761631136795309027e-01
-9.247567918107498786e-01
6.813363866396686397e-02
-1.065305340666635958e+00
-1.565053002139865646e-01
6.335999596479057194e-01
3.848798135481975580e-01
-1.419992342313029177e+00
1.729693122726089216e-02
1.926355104561666476e+00
-1.553813846282167677e-01
1.826777124928065987e+00
-3.022584800158921725e-01
7.461373164607097985e-01
-2.825925778880661321e-02
3.831285904123616914e-01
-2.438707171527409456e-01
5.184708527141157486e-01
3.272412562477098885e-01
4.295774984152712639e-01
1.544480295559453875e+00
-1.739611832135776748e-01
1.252437111590888996e+00
1.557696500291905206e+00
7.292731485671499758e-01
6.895704278234556783e-01
6.729009425804466371e-01
2.064164009827346380e+00
1.904126409798014397e+00
-1.006164054010922904e-01
5.467853076690341041e-01
4.535885508742774075e-01
1.074428604171069779e+00
2.536907101683637311e+00
2.019931098677269610e+00
9.378633995622404074e-01
1.418829138724978067e+00
9.692151034998279790e-01
1.437839076655518689e+00
6.232990603072963154e-02
4.284669925167540749e-01
-1.111953833899935740e-01
2.107159376674140550e+00
1.193138351288296928e+00
5.951542352962349014e-01
5.120776515283066432e-01
1.096860696059711593e+00
-6.823944958918960468e-01
6.559178689747178215e-01
7.328557153645192113e-01
1.038035955417309308e+00
1.839416858349261386e+00
-2.447313439299281246e-01
1.879107042233512992e+00
2.411711528503949431e+00
5.139083436286688844e-01
1.858083634777012438e+00
2.064903080734532548e+00
1.973840587014971115e-01
9.771086533324411239e-01
-2.436098369196534330e-01
9.374790460351068999e-01
1.535510814416441772e+00
-1.746180741086896804e-01
1.619969525754081374e+00
-3.900462082809961206e-01
-3.856389406436577794e-01
-2.057218792804372809e-01
-2.652741226198765956e-01
7.212862799614806475e-01
1.013131324377392950e+00
8.030938122900435072e-01
-2.591512674836997654e-01
4.597140192165929395e-01
-4.721852391396008652e-01
-3.773343154071118200e-02
8.577086885401202787e-02
1.367087737920661628e+00
7.784576252672210650e-01
1.778826748271989722e+00
7.805699344742693668e-01
1.691576213635562098e+00
-5.065495590166684270e-01
6.535152509983652713e-01
1.570993782230952096e+00
-6.963622694699793669e-01
7.181259452151550482e-02
-2.658613492147872681e-01
1.193593294222301315e+00
4.640709937784609496e-01
-7.059570015295114631e-01
7.068202800675490449e-01
7.964349679881046473e-01
5.468878746315317674e-01
-7.446737806411803939e-01
-3.586002291483245674e-01
-5.526125317323627995e-01
1.866667523437463450e+00
-9.186605233332759690e-01
-1.745087984998902275e+00
-9.241668381257842069e-02
8.351279866597065560e-01
6.872317052133734006e-01
-1.244652113126243576e+00
9.258495997541085210e-01
1.115141980378679509e+00
-1.010121642967811484e+00
-3.993054104304977203e-02
5.850065827183443812e-01
2.873240085928671084e-01
-3.464822994060401951e-01
-1.883697479785074180e-01
-1.808563494618051493e-01
2.048122672637162189e+00
-1.681403094207931659e-01
5.616627286732485125e-01
8.078920784549195044e-01
5.527088919981361093e-01
4.630098738650715307e-01
-8.728309565665918202e-01
2.407846593933058443e-01
1.138839214387437959e+00
8.619962673582848289e-01
9.300833145039981709e-01
2.384937997996827708e-02
-3.874474906574414401e-01
1.366264128665023225e+00
6.509947845896222329e-01
-3.613132625114947594e-01
-4.914226545612010444e-01
-4.756830578476592963e-01
-9.032698913390546647e-02
3.137304497366896205e-01
1.146132478114048725e+00
8.176029513156399808e-01
6.718179954895373562e-01
4.855563682835395412e-01
-7.537183195924757051e-02
6.691230351444421576e-01
7.834435165903752551e-01
1.435264608446375378e+00
1.815592903882618625e+00
1.478142230507840660e-01
9.085757166742853830e-01
1.931347385197709432e+00
1.206059855828101268e+00
7.142170619488363847e-01
6.591713912426253597e-01
1.548191830686619141e+00
2.466337995748375533e-01
1.364244818465230491e+00
1.131258792624803222e+00
2.292913963753796303e+00
1.151699174949509352e+00
3.294596993023303222e-01
4.258116455675715617e-01
-9.034902208816864011e-03
1.682160030030802611e-01
1.002276652105355437e+00
1.309916508817336567e+00
1.026514602510067320e+00
3.633684290793784966e-01
2.757300709067505906e+00
9.401938810624139720e-01
1.162030253092492194e+00
1.322577740832476811e+00
1.392018883564367648e-01
3.433041628624211583e-02
-3.036449580843071372e-01
1.399892660424309154e+00
-1.178914835285742591e-01
1.793803565419473944e-01
-3.335911264479253235e-01
-3.085203707695063358e-01
-2.378227436139623840e-01
3.193268514345592446e-01
3.234865075398847267e-01
1.282711354408621052e+00
1.391398176941072595e+00
4.561415218383602088e-01
1.442019064240894766e-01
-5.457132232591135335e-01
5.849846307970005821e-01
5.080607098486984441e-01
7.155133522663292833e-02
1.503904483947255510e+00
9.445705308049115456e-02
-1.290334075672326941e-01
-8.027131788881778363e-01
-1.658465750653593807e-01
-4.729334288562043742e-01
4.433803330588375058e-01
3.097593043780640376e-01
1.834096802970951900e+00
-9.345187366206361146e-01
2.354931866810090924e+00
-1.942665066632266457e-01
1.078424277336097470e-01
-8.634161332410202894e-01
3.080710344674447709e-01
-7.248480591949297835e-01
2.152472032903641974e+00
3.057312055692000263e-01
4.174033002151930072e-01
-6.975127818647894884e-01
1.019015280564314452e+00
-1.592820662385847186e+00
-4.302066716501610211e-01
9.929114104870392365e-01
-5.991700654900041778e-01
-1.158328503432173306e+00
-2.220044819083915932e+00
-2.878586654368031628e-02
9.244537318206351717e-01
5.088197117784963863e-01
6.218839827309444734e-01
1.398944847447997297e+00
2.890418680567886089e-01
-8.374752249913268720e-01
-9.292841873975098421e-01
-2.713411208520024598e-01
6.211848959750136956e-01
6.275772228523739393e-01
4.426233362062356735e-01
1.886986759468866293e+00
1.447228229968040014e-01
1.903001768557874840e+00
1.667397878984978044e-01
3.747265690453046583e-01
1.095820744666423097e-01
9.269117421294862380e-01
1.878822367542817506e+00
5.898543610210594812e-01
6.108712648493461739e-01
6.144866931567067869e-01
-4.665103430711700083e-01
-2.445250023856275767e-01
-5.571981719974372638e-02
1.846752888894062083e-01
-3.479259440619020260e-01
6.251340567953915794e-01
7.649347461608992926e-01
7.809576032865387374e-01
-2.185348520063824518e-01
8.661627944596922424e-01
5.616060777020271955e-01
1.225812326867603996e+00
1.004589773478624659e-01
3.381929069772576790e-01
1.712696217674912536e+00
-4.595699436313021025e-01
1.356677459476492320e+00
1.470067052327286294e+00
6.747696488801762094e-01
7.671402151376911505e-01
8.371520588346408331e-01
1.932403872357296937e+00
1.123624219299143911e+00
6.127521757667728775e-01
7.430789457217824578e-01
-1.059771538696110404e+00
1.482629641027821243e+00
4.221174382285086679e-01
1.425992675262267140e+00
1.486453798922633407e-01
1.187231998928169219e+00
2.965771085124013773e-01
1.259639698799678076e+00
-5.869255430921399563e-01
1.417078928645577829e+00
1.183542953148006838e-01
2.104811081740690426e+00
8.354065176311822327e-01
1.032559496942289989e+00
-2.590141905482713502e-01
7.108940781812447263e-01
-4.122905643042322765e-01
4.758423340139078528e-02
1.142527134101451125e+00
1.407289936094142102e-01
-6.559902374416076709e-02
-3.963770837364407051e-01
1.390678633136448683e+00
5.343302606949871247e-01
3.458031132285590004e-01
1.875643363599175606e+00
5.840549669717715053e-01
7.893732647462213814e-01
4.728597725670968810e-02
1.866277171475396068e+00
3.488928886138232821e-01
1.937096902962061495e+00
1.139518393116129458e+00
1.907803744168267701e-01
1.616203526819157466e+00
-6.588493994119326569e-02
1.153478747091028378e+00
-8.400100517832786995e-02
-1.789714301611062819e-01
7.801683881391459074e-01
1.962941600076912041e-01
5.540877864731320601e-01
-2.911089232961411311e-01
-1.525440499036949005e+00
8.332597068606983903e-01
3.549362636435345331e-01
-4.792024437965125561e-01
-7.506688347032104414e-01
-1.886473315907017945e-01
-1.366939745784692684e-02
-1.799203943300582642e+00
1.027680172605235809e+00
1.082900264890167136e-01
4.683431900727653696e-01
6.225477404784154345e-01
7.406084876617857748e-01
9.287923520435497071e-01
6.902673865606236969e-01
-4.081553070757082957e-01
2.468340730453336906e+00
2.819434010120379419e+00
6.015534936870924332e-01
4.140480730553786626e-01
5.510858053004044077e-01
3.031722259048463819e-01
-1.463182893305292609e-01
1.374396872376699275e+00
5.210863421607232482e-01
2.647439886161733202e-01
-3.555221552827925180e-01
3.313453586980850130e-01
1.184293151976138381e+00
1.677208841823411678e+00
1.257024648657978583e+00
6.675696961169419463e-01
8.313887883892434605e-02
1.408820115863129718e+00
1.272938240767970353e+00
-4.120563004421682329e-01
2.005805351724337271e+00
1.224560186786389782e-01
1.808258805891286514e+00
8.633840519402261604e-01
7.131645135438369199e-02
1.099633304472078743e+00
1.880303732696321894e+00
1.063393567870819290e+00
-5.293815716990798448e-01
2.468000977559613229e+00
-1.578308690466352360e-01
1.051326000963663354e+00
-2.985248749336943952e-02
1.457031403287902371e+00
2.479957783290116069e+00
2.022555309783929278e+00
1.530418901371483065e+00
1.571080238451767475e+00
8.384278164859593208e-01
1.049665858334162927e+00
-5.057199125547536811e-01
1.762342842507299556e+00
-6.547009159204811857e-01
9.173045635237628836e-01
-3.891899298996781553e-02
1.069105257330843051e+00
4.969513558304901046e-01
1.518097234599729450e+00
4.955853211169435890e-01
-5.661411007648121663e-01
7.197548490953693534e-01
9.746949092734068509e-01
1.425155974461744357e+00
8.487651648119446390e-01
8.534824057381806828e-01
-7.826471010707376497e-01
1.197255413139530766e-02
9.865817875138864768e-01
2.098020711985789655e-01
1.633491693166027270e+00
1.702623385363122299e+00
6.541836051924575512e-01
8.838215321609559361e-01
-6.746011683721614416e-02
-6.174652325093776817e-01
-2.092561495120868198e-01
-8.855819587240416624e-01
1.114331471526191830e+00
-4.274630677109820254e-01
1.247426629108757012e+00
-5.039485961916058132e-01
-4.771910019512823897e-01
-1.148046494908720350e+00
1.119099086504554696e+00
-3.005682497470599235e-01
4.398669298493589341e-01
-1.396015801457243799e-01
1.261592451428197759e+00
3.661240478115218577e-01
3.357829419753796119e-01
-8.642277972516148044e-01
-2.816810208780389235e-01
2.857909496610509525e-01
5.631476312612592183e-01
8.313226843124311705e-01
-7.015935759810745243e-01
2.831782903766195680e-01
-4.035729570739992056e-01
1.087333148553947026e+00
-7.446240258803986656e-01
-1.011363297276520523e+00
-3.382581265267968207e-01
9.728243668264293653e-01
4.188343495358294866e-01
1.492621198522327219e+00
-1.845010601018601260e-01
1.171958354054597473e+00
4.439414712563972132e-01
7.171206408804082777e-01
-7.501036563404162028e-02
8.034457407090521697e-01
-2.359860112386330533e-01
1.702690552210179009e-01
-4.395440683649100566e-01
-6.631281800339183796e-01
-9.541018108365164618e-01
-2.716025811967216486e-01
1.580273321539277687e+00
4.803623707074804461e-01
4.978175291401985558e-01
2.100188077522949559e+00
-2.796776561135514427e-01
1.704691012778227766e+00
1.445120488179637119e+00
1.138194249394912427e+00
1.379167099329936974e+00
7.963816248711051982e-01
8.592410438425164276e-01
-1.962948265011214000e-01
-2.518561220899779851e-01
5.122461262713641217e-01
1.059405606809301625e-01
2.165488606639983438e+00
5.087538494540083667e-01
-1.406758566513367503e-01
1.094976087093099792e+00
8.264801849818013135e-01
1.200843541799335279e+00
-7.357220147005028021e-02
-4.963560240479183427e-01
8.980729284153383674e-01
1.340240643791888342e+00
1.830977795377864092e+00
6.158308224902639960e-01
2.418971928664249704e-01
-7.722213712581149636e-02
-3.469481248663162098e-01
6.119656778424251709e-01
1.533307377953697870e+00
9.539961145629138883e-02
7.215821762054859256e-01
5.240138743676410193e-01
-6.036867980965961999e-01
4.311755320913039924e-01
1.283431224582320951e+00
4.239440906577196522e-01
4.345115897956333684e-01
1.098541309894865314e+00
-4.474996472957046834e-01
1.063448040948406836e+00
4.505887552937022367e-01
5.635341763848255026e-01
1.185737569980012562e+00
-4.952308341943044701e-01
1.654351593107279417e+00
1.077385305288327988e+00
4.128863627124540470e-02
7.573402678015912493e-01
8.142981807416423967e-01
4.893814306712857554e-01
1.523709506024484961e+00
4.359883875158171995e-01
6.240211802301127708e-01
9.878590829234541459e-01
5.350470974320788997e-01
1.486596312403786868e+00
9.908559116027451097e-01
1.321470815447090441e+00
1.429555757291267604e-01
8.196699960020745745e-01
5.898176170768758553e-01
7.505775332363213703e-01
3.359169809329545786e-02
3.633578013863156819e-01
-1.146567826716115013e+00
-8.800849066756603056e-01
8.589689563959937990e-01
1.272052631606798989e-01
-4.285676668674285317e-01
-9.648558313389316021e-01
-5.493560642488044543e-01
4.613440170787863059e-01
-1.130172182364373779e+00
1.476152417036392939e-01
-3.774909751700190053e-01
1.976512217995755494e+00
-1.069766854966361702e+00
-5.384036090619213066e-01
-7.457290058845297276e-01
8.148728495180393994e-01
1.049081194752023105e+00
2.781225152042668403e-01
1.711392660328878712e+00
4.033765184609060528e-01
-5.057271322859409057e-01
1.472177253453332280e-01
1.032714910622106463e-01
6.501577201947232876e-01
1.861856919452831383e+00
-3.737091922747101669e-01
-1.596545810999538961e-01
-6.058319060171805104e-01
-2.806710165603328866e-01
5.869381074041080115e-02
3.295824165865179900e-02
2.018798650587789734e+00
3.835039563432642296e-01
2.983432067134235144e-01
-1.213082744960960468e-01
1.250746670293229279e+00
9.701389632872260416e-01
-2.160029955636489918e-01
7.720113488189992434e-01
1.504123059531731199e+00
1.980945666444727804e-01
9.999496111276804378e-01
1.468661321145390275e+00
-2.838145976415045180e-01
4.669691585556022262e-01
2.042353830868524067e-01
2.430773189014393321e+00
5.646291866449082431e-01
1.665467320347016500e+00
2.212986180473446307e+00
1.057990212303706157e+00
1.536478401779894920e+00
2.415786645710490177e+00
4.315701158385129577e-01
5.228696483633819003e-01
9.743706392734097221e-02
7.635931016242323288e-01
1.054615545104629515e+00
1.070800564543560984e+00
1.862501301106995522e+00
1.046999782610106733e+00
6.176073856091925940e-01
2.210775047329250675e+00
7.040343242767519438e-01
9.251827315406518926e-01
5.733277117962535252e-01
-1.452263341011624798e-01
1.495274638635268438e+00
-2.975783915162411031e-02
3.469850178467134838e-01
5.093470781978592932e-01
3.296993521355434109e-01
1.394236714869418803e+00
8.313277171529462883e-01
6.891438388574139262e-01
5.980365098089457376e-02
7.203581364226935291e-01
5.101154932064639880e-01
1.062038031712448038e+00
1.626107906233924094e+00
-3.781603990719097919e-01
4.657202701557952573e-01
3.974076182365902654e-01
4.891068323094494574e-01
5.659539504744556249e-01
1.109158009773131059e+00
5.020592466132173248e-02
-1.407544801692756753e+00
3.822145214679014136e-01
1.028670809349663484e+00
-1.635546210692619962e-01
1.567533296153607036e+00
-6.011144872544345041e-01
-4.149511816984073342e-01
-3.395640411596100861e-01
8.843787296473271109e-01
4.975623113713298906e-01
2.929738286158210525e-01
1.169340089833076579e+00
-3.218573490257786718e-02
-1.511038081784598086e-01
2.349959706315948027e-01
-1.043164878527813588e+00
1.030202393275212458e+00
5.147630174691053551e-01
-1.510422892335699374e-01
5.378941929299115854e-01
4.686379653961007807e-03
-1.714573187992114001e+00
1.807693703709440103e-01
-1.477993684735458224e+00
1.684207266216894427e-02
1.540767110653644023e+00
5.552768984918254880e-02
1.137186957488439010e+00
4.158034783913621135e-01
8.043650806121413477e-02
-1.951744128289778502e-01
3.345860044020143031e-01
2.621280499623604987e-01
4.509112702217361601e-01
1.931394221157301860e+00
-4.583587899645775732e-01
-1.006073238079927545e+00
1.967809751211507141e+00
6.421515485575806093e-01
1.704832674397033232e+00
1.181613287612869323e+00
1.957702588530548127e+00
9.317772527769576651e-01
4.774620706201986309e-01
1.444330578385608632e-01
1.413309269309390714e-01
9.110286726207565966e-01
2.601957449643089060e+00
8.362088740334697734e-01
1.207408695290508982e+00
6.037618436724864202e-01
1.714561645647477928e+00
6.794299134106916993e-01
1.709745277164220756e+00
9.565056413290882187e-01
7.343785997262984866e-01
2.997120053168491616e-01
2.565703650575177797e+00
1.715023934150559093e+00
3.209958322025903144e-01
1.264529214391943546e+00
2.458601411992899166e+00
4.772254448514225977e-01
2.466522611066431558e+00
9.908798688619240291e-01
1.413503372614379527e+00
2.199609092762405460e+00
1.874843042570415896e+00
2.350621306413071654e+00
3.154563442555669006e+00
3.497295328240939583e+00
2.071258997906770372e+00
2.431584396826272254e+00
2.298823189016261814e+00
1.447668985216458148e+00
1.842334019977241777e+00
2.545746402029614330e+00
7.664901572080204950e-01
2.312251916001353269e+00
2.806354285721708308e+00
2.483708470308420679e+00
1.784255793783876776e+00
-5.747360496767766058e-01
2.314226628121521134e+00
8.251467245142019014e-01
1.699679904793653495e+00
2.112283179360280094e+00
1.393661394536332976e+00
1.536532545670442618e+00
1.485703673560246907e+00
1.086040650985129696e+00
1.049755304232523834e+00
1.505228892494353321e+00
1.547057908978754170e+00
1.293779243030516835e+00
9.746457906531666993e-01
-3.055483140704089440e-01
1.645585421955389815e+00
1.382660871463084362e+00
2.120005706000369639e-01
5.414784147442587292e-01
8.476201482936768228e-01
-8.588266188606223928e-01
1.303836129861021265e+00
2.991038117851332334e-01
7.170112249288076445e-01
6.937335154923788272e-01
8.896327309755414081e-01
1.339413379989350172e+00
1.174295542447561402e+00
2.914927545599699243e-01
3.092369794084109946e-02
4.843664535261281157e-01
3.656478217672265996e-01
-3.219277624830790829e-02
1.033334493193605041e-01
-4.966806339192305630e-01
5.657616262867831702e-01
1.527539455497125831e-01
1.394149846199415510e+00
-1.978606110897244141e-01
-6.213837907451114084e-01
1.028092464080911927e+00
-9.856234752293931978e-01
3.789617200794205276e-01
1.656062475942069678e+00
9.738700344947164300e-01
-5.040540099190348178e-01
-3.129841007353801885e-01
1.010827239475802886e+00
-9.307439604825312740e-02
-1.116846596525957747e-01
7.868797316965864264e-02
7.134977715476973348e-01
-6.346416786685349365e-02
9.494081460980301479e-01
1.902172436519002918e+00
8.359383191289236903e-01
1.052458445947071608e+00
-1.037884279474289517e+00
7.664580199506692004e-01
-5.213378662081058490e-01
1.179519993179741100e+00
1.773634962127401016e+00
-3.943486646879642565e-01
5.536476897844369027e-01
-2.623433114990267878e-01
2.187594673917185872e+00
2.485297367448073835e-01
2.171809672167356986e+00
6.084355885164901556e-01
2.102806880970415904e+00
4.433506736882977251e-01
1.083607232929954201e+00
1.742795275664089871e+00
1.373390968655680888e+00
1.356712364761661904e+00
1.380651349751160550e+00
2.290587216697715256e+00
9.764841681280378438e-02
1.456149907718994552e+00
1.514913487792310054e+00
2.001982553824651845e+00
2.268762101675461995e+00
2.142375014745660167e+00
5.408283722388951276e-01
3.161296307400234262e+00
2.374672099982490625e+00
1.721592055332551885e+00
1.445607723498272490e+00
2.210188867124150303e+00
2.295415724872566177e+00
2.161466473535991195e+00
2.767356321969531852e+00
2.548538030157077028e+00
2.138658308045029433e+00
2.751714817518951861e+00
3.164874356666044442e+00
9.892044776702000330e-01
2.681107152606991839e+00
2.170466671186477736e+00
1.806654460965385400e+00
6.303412449387592043e-01
1.433137442390976179e+00
2.409011196930510135e+00
1.882273182379855303e+00
9.770448204522261815e-01
8.548992901811433009e-01
1.138465137719128828e+00
1.650998912004635999e+00
2.217181594303965664e+00
8.156662092029997035e-01
2.283977822435893756e+00
1.222948249148833266e+00
3.741295716695525186e-01
7.207294725260295909e-01
1.513764921424124443e+00
1.643293296882694765e+00
7.787355215115054907e-01
-3.621092227529528751e-01
4.044432806435903638e-01
1.537427412056614484e-01
7.011496880922895025e-01
-1.326920374118587542e-01
7.928048049778191331e-02
6.789737336416309388e-01
2.761151606010351589e+00
1.194135392970405052e+00
1.688739680062361082e-01
-5.374740732496416928e-01
7.339959721170552509e-01
-2.237131689465314266e-01
3.983869809494369751e-01
-1.002446531330094537e-01
-8.156158135255167085e-01
8.512965657839777212e-01
-5.705269738077712871e-01
8.241209695072908570e-01
2.989666872053154401e-01
-8.898271799152622785e-01
-1.390555985736035560e-01
2.520322210864553547e+00
-1.497264733977476114e-01
3.611573393739970217e-01
3.105608144306751806e-01
-1.173312138309536623e+00
2.997230507774721886e-01
3.908788983432666675e-01
3.635044522147730106e-01
4.472325489054648218e-01
-4.671999152082211282e-01
1.833990205637537341e-01
1.138498095318197345e+00
1.728624627412959747e+00
-5.509607586160276682e-01
2.776605855213283847e-01
9.383050873304898953e-01
-3.588139590450414307e-01
-2.408305469898158746e-01
1.911335874129557189e-01
2.899334651437143195e-01
6.783039272874700210e-01
7.491033407839140512e-01
-3.228604587215241351e-01
1.824033101272048318e+00
1.266595552957369808e+00
4.091413505228796987e-01
7.367001622190376686e-01
8.834848397694022859e-01
9.916565226389307819e-01
9.159367139110943246e-01
3.357453533182404026e-01
1.300171266793786584e+00
1.681987787340900375e+00
7.562030124121544850e-01
1.196507563530300855e+00
1.230082917676800447e+00
3.372707438736595176e-01
1.297954752138061885e-01
1.819896514173429791e+00
3.093554224012379450e+00
2.024759368741266830e+00
1.505337396736421862e+00
2.826944431604367480e+00
9.113593730542511873e-01
8.116015591128726836e-01
1.869535275461245760e+00
1.294325043239904938e+00
1.617650032302402341e+00
1.810918596907353795e+00
2.543978834803108491e+00
2.359863014815346993e+00
2.876619003453441348e+00
1.821058826631351879e+00
1.275313738560488019e+00
1.180940938099330761e+00
1.743490052181502881e+00
2.492859787454060339e+00
2.584934360286702315e+00
1.384430075864563126e+00
3.757903193339742209e+00
1.831912317302892834e+00
2.086438511633527337e+00
8.131760479320689905e-01
1.865362631528969306e+00
1.259096241940265370e+00
-1.794306030384138495e-01
1.020947556195098915e+00
1.449768749537256429e+00
2.063827044396249200e+00
9.425430516595882935e-01
1.453704722923379045e+00
9.946327586528519449e-01
8.429758495542460928e-01
1.389825431584918336e+00
5.539819871052706901e-01
2.137113465632528575e-01
1.516798375844279345e+00
8.434477354326941345e-01
1.177155180839197346e+00
9.324745776030797240e-01
1.023125172630933166e+00
2.321012409232625195e+00
-3.247106852600312177e-02
1.168324823886040420e+00
5.651450960914007338e-01
1.343042529025602949e+00
1.838375190807276738e+00
-1.077046134270857269e+00
5.422214248154428873e-01
3.169533835695828028e-01
1.073979462944830154e-01
1.459388937974884115e+00
1.621307733262934203e+00
1.004457312006497016e+00
-2.641384903534133022e-02
2.093241576661661441e+00
-9.184664827900783646e-01
3.341844936675595346e-01
-1.944624919508914918e-01
6.096736805671663095e-01
-4.017553458261702987e-02
-3.778690272360232805e-01
-1.345144170226253433e-01
-4.517855280350231428e-01
-1.111970408918820930e+00
-5.635607185430182575e-01
7.576366536069639723e-01
-9.305802932953544104e-01
1.033406166500673296e+00
1.451398463562790120e+00
-2.005914824371446414e+00
4.635967037073626118e-01
1.229471412303928979e+00
-1.053929217321843081e+00
4.256268087698134028e-02
8.516629008796323674e-01
-5.266965768812302828e-01
2.684606208287696472e-01
1.230330298441530523e+00
-1.707923475118910961e-01
-4.647826084697130877e-01
1.520657870518839161e+00
1.325619351362979703e+00
2.641432727737059505e+00
9.654159619872925147e-01
1.408180323466831307e+00
9.029556968576056830e-01
1.934700477746334801e+00
1.689772733484642409e+00
-6.006735356596526465e-02
1.802100989918375529e+00
1.951757391633079042e+00
1.134758233847312781e+00
1.075314583705787363e+00
4.459568938992805043e-01
2.247135560819588651e+00
1.790393043662261707e-01
2.579340375123046591e+00
1.656981517672830195e+00
3.575397110951983759e+00
1.305637856312212408e+00
1.335252790429986902e+00
1.004508744224248629e+00
-6.947087664744084901e-01
1.671903274951442864e+00
1.199019400291844839e+00
1.175277451886945546e+00
1.136666943770848537e+00
1.055394044864943481e+00
2.255533984441060458e+00
2.013201734072141758e+00
2.638093294467190209e+00
1.922178861164393737e+00
2.254124496265771160e+00
1.500476545664827466e+00
1.946902162315194529e+00
2.077447978132058726e+00
2.053863641043861765e+00
6.431874341561527597e-01
6.203892313322678653e-01
1.063670313444347926e+00
2.746069150744220977e+00
1.589429973293382758e+00
3.423204306617463999e+00
2.274972384395834712e-01
4.635003507980869353e-01
6.537967305847397492e-01
2.396378067124601330e+00
6.776208505757701506e-01
1.340263696765986445e-01
1.564449637030302043e+00
1.962826716489074474e+00
1.517180076419679668e+00
1.207360459835551625e+00
1.046777227426860746e+00
6.638265370433928947e-01
1.729495743082559489e+00
1.829975875783826478e+00
1.608354297910719044e+00
-3.043280866150165354e-01
1.836421674656525393e+00
5.775571635039145058e-01
5.766406449237307941e-01
2.392902250625936311e+00
2.882341889672688784e-01
-1.447895520846227413e-01
1.509062197557277551e+00
-1.164956428417327494e-01
1.177955038437962454e+00
6.542330700225030826e-01
8.011401171973149271e-01
1.654589980171816244e+00
-1.091594738693413835e-01
8.151509756362962378e-01
1.964516802738625612e-01
-7.150359698116613982e-01
1.439798997326122487e+00
1.393030476593448697e+00
6.531571903357330511e-01
3.449904873517765092e-01
-5.436474926427616872e-01
-2.495073737483496645e-01
-5.925860946841675636e-01
-6.899308452827775939e-01
-5.316858438622017458e-01
-1.171329070130058936e+00
1.591999901035107134e+00
-7.038845120245237341e-01
1.288052014743314988e+00
2.662359242873222342e-01
3.234490774605183194e-01
1.829168882457435363e-01
-7.466661583575853189e-01
1.460982326164514955e+00
1.544887210892409435e+00
5.219444414954883538e-01
2.421109505228288272e-01
1.655722434494710571e+00
1.669346310018654522e-01
9.582871655209086459e-01
1.508472287909740084e-01
1.588629378188710417e+00
1.163440863015073656e+00
-4.850825267213997316e-01
3.290558980880901707e+00
1.095035478976806642e+00
-2.061453849207617317e-02
1.908976049080552961e+00
8.697607965769662552e-01
6.102733112829649142e-01
7.541727734124112903e-01
1.006879049525400749e+00
3.251241557038744290e+00
1.175016016939847363e+00
1.054208013555790080e+00
4.537671204408157966e-01
1.826758683455431242e+00
1.272274190628790214e+00
1.933578960780591993e+00
3.110824211185215127e+00
7.102127720361262053e-01
-6.887661928273702827e-02
5.195346709173054300e-01
1.715746534855840943e+00
2.220160528363585684e+00
3.150422621939103163e+00
2.382411429357431221e+00
2.594064681722620502e+00
2.777691089794098289e+00
2.515986721931283032e+00
3.006405784710954432e+00
2.170785010697913631e+00
1.884151586382425414e+00
1.169645983518127430e+00
1.919998182379210938e+00
2.993744719375622587e+00
4.446631750449365761e-01
2.226044188371059995e+00
2.022489663747633948e+00
9.117286496568497434e-01
1.145647093935154626e+00
1.596328103162272027e+00
2.198803155544963417e+00
1.479686654636579890e+00
2.212382020546349803e+00
1.238693565635880400e+00
3.000654257350261922e+00
2.284772702279437073e+00
9.388956803701273834e-01
1.362776460936840905e+00
1.719488822795413707e+00
1.412995551039844866e+00
1.271961328452508866e+00
1.987027382381025831e+00
2.004995486015009654e+00
7.124644219389362210e-01
1.646627526592510105e+00
1.266937190489054954e+00
1.829703924075355426e-01
1.122105230637426398e+00
7.420337912381798073e-01
1.578259815506403152e+00
-9.336599076427807287e-01
6.778435780700902136e-01
5.248506220018072099e-01
2.028510865609549629e+00
-3.730766252060121468e-01
1.057037066757926080e+00
1.060490871788211109e+00
-5.380169696920111821e-02
1.370123959079093900e+00
1.404248197327421455e+00
2.112339545551611408e+00
1.578232197800226499e+00
1.947558155647993727e-02
1.278865432841164829e+00
1.210767198030497260e+00
7.930132342390929789e-01
-6.029774903894025151e-01
3.889048370780627539e-02
6.304747653467260293e-02
3.519820736383059701e-01
4.906345559895225472e-02
-1.722390154052222844e+00
3.610265412035574273e-01
6.581757004822936796e-01
4.406813514527431197e-01
-5.216476571289130337e-02
-2.604262040086530172e-02
2.902297519605611109e-01
7.269144891044501122e-01
4.086847978126468828e-01
1.385009564083795830e+00
6.795978969951621540e-01
7.240775848608271836e-01
-3.675033156197712314e-01
1.221475672061021367e+00
1.569076753041642736e-01
3.211718921526925286e+00
1.143229426397191606e+00
-1.442203270286317451e-01
1.128142235043851471e+00
1.376716947729669460e+00
8.967515298684100022e-01
2.307486974820887937e+00
-6.671828267619570596e-01
9.006022056875838677e-01
1.379227597430306984e+00
2.966712450706033621e+00
2.437195013297979607e+00
1.035486109539578425e+00
1.207498717829414980e+00
2.809232072120442680e+00
1.873723882761440640e+00
9.353696945043600275e-01
1.416526047517341347e-01
2.370901814130349283e+00
1.051006893775015882e+00
1.789075854104365204e+00
1.058844008791172353e+00
1.604416879603383084e+00
2.116803876976512289e+00
2.379192785490767292e+00
2.687732197674859158e-01
1.685457554423042126e-02
1.475778959874745055e+00
1.749482380600171805e+00
2.524195472094883375e+00
1.297074593391742692e+00
2.389705166685214710e+00
3.383262966685272488e+00
1.953126949844418814e+00
1.515397372330817394e+00
7.807290183776827153e-01
2.718962492663959729e+00
1.493219179890988624e+00
1.894844013313891073e+00
1.726328808598254216e-01
2.437775206089829005e+00
1.980466284830785240e+00
1.247593755635020507e+00
2.997723135462736721e+00
2.741572793657147677e+00
1.557718361945912511e+00
1.008444087166347591e+00
7.335837950838215438e-01
1.899441268398109450e+00
1.529726194800173689e+00
4.592788271033758640e-01
2.111545088736278775e+00
1.639826080121415286e+00
1.340977919563620446e+00
8.284480333600416913e-01
1.313663907377311757e+00
6.421891460777007232e-01
8.583645843338303383e-01
6.960138969333699022e-01
6.973796088769108614e-01
6.848622419710268527e-01
-1.263279493400647491e-01
1.220810069248288832e+00
1.268720375647039766e+00
2.193622453691985719e+00
4.962122212771317153e-01
2.933257228118086868e-01
6.204686762366986574e-01
1.800939551631335345e-01
-1.927948129739106564e-01
6.686591596485165212e-01
6.243062179301694936e-01
-1.924817163333624737e-01
5.539657951026999427e-01
-4.764098125941529371e-03
1.673955628812372476e-01
3.732027922576329759e-01
-1.555370326861699737e-01
-1.042510239347837486e-01
-1.223668345359762766e+00
-8.283773482337644656e-02
8.256235840345796939e-01
3.162502515981633344e-01
6.887918164550538291e-01
2.932607591737739772e-01
-1.767015249494958251e+00
-7.426921539720782173e-01
-1.917469446353350371e-01
1.730383681395543993e+00
1.413142704144640494e+00
1.714037731434356227e+00
1.300424850958411760e+00
-4.819831658611638536e-01
2.334603193666808796e-01
6.155641952565239494e-01
1.420722987077766675e+00
1.280987171196521057e+00
1.269027585836688399e-01
1.007155203096025131e+00
1.928524255538897059e+00
1.858060990381175115e-01
-2.938566707339540507e-02
6.086799897408647908e-01
8.420359256239607904e-01
9.603536673389467815e-01
1.460485737901097592e+00
8.549759808748940149e-01
1.470387222945017891e+00
1.077705367451579521e+00
1.014205554549950650e-01
9.296898831246763750e-01
1.013462714128500197e+00
1.708618292813973039e+00
1.799463775205409899e+00
1.017639857334798448e+00
1.658097371598988401e+00
2.987344205399759645e+00
1.187016190230614221e+00
3.127447591692982254e-01
3.772834193960987736e-01
7.599141214167425273e-01
8.253863439401083468e-01
1.951780203541739978e+00
2.821389270312080200e+00
1.883917663035616918e-02
1.062628088677947780e+00
1.987130811732196856e+00
2.836958958476516024e+00
2.426652479680838415e+00
2.546517383339076623e+00
2.823564472964609884e+00
1.092768189358694908e+00
1.673163969561888731e+00
1.641332213844657550e+00
1.865210905279889086e+00
2.408228118534324835e+00
1.345032525366310683e+00
3.271215203811284056e+00
1.920171301355045879e+00
2.793186689407217926e+00
1.708340620467208248e+00
5.004022414135256280e-01
2.561970480871384126e+00
2.919017539300466257e+00
1.632361749178771637e+00
7.203468427264312357e-01
7.744578944587012792e-01
3.608551028056810051e-01
1.721127603187331268e-01
2.162223465435573644e+00
1.628877446415518682e+00
1.061996704948349413e+00
2.573185593815983552e+00
4.262046355363312555e-01
8.250869228472323957e-01
7.038312602499698922e-01
-4.541023697984747365e-02
1.087817480707400586e+00
6.649849372943898995e-01
1.106738807116570023e+00
1.001251019855234903e+00
7.250063387728455933e-01
1.234418445975919099e+00
1.131181869187117828e+00
7.027011381159248282e-01
3.276647179745927896e-01
3.257322583382625814e-01
1.538450537853768729e+00
1.503654424307306670e+00
1.300301386145466864e+00
-7.447905231404072790e-01
-4.644532811587698262e-01
-2.647785428186635870e-01
1.313075054806427833e+00
-1.764526132071007058e+00
-4.982764621546891814e-01
-8.313613841438161067e-01
6.725822040473750096e-01
3.674995148900125352e-01
-7.702241222893686512e-01
3.609015182536249311e-01
8.600268880404166039e-01
-1.394246182590330285e+00
1.390318437894194403e+00
4.707362147107334027e-01
1.474494191771797524e+00
-8.253586899605002136e-01
-1.417849409999503152e-01
1.296161390113285794e+00
7.827343553175073465e-01
8.775253589161986500e-01
-5.368676150641151779e-01
-1.171109224049402542e+00
-3.672305487361491871e-01
1.194372043505083081e+00
2.682633769442466232e-02
5.416474554129842023e-01
4.128131560699295211e-01
2.843754263852448783e-01
1.190120122017981341e+00
1.999255611293983659e+00
-7.474903694541379373e-02
5.447009571023024854e-01
3.036593404327425638e+00
1.021813304193399219e+00
8.159966851323291470e-01
1.855225444279445801e-01
1.898698216527492821e+00
2.467385543390795632e+00
2.565667338401825148e+00
1.219207946470574733e+00
1.049140833436063458e+00
1.268361656207106725e+00
2.149481470620921986e+00
2.966509514564060090e+00
3.267541868531831373e-01
9.370960478357348578e-01
3.480554671323094595e+00
9.111066587263667582e-01
2.425432563637002659e+00
1.922710763618828977e-03
2.663920795718454304e+00
2.276744038531653747e+00
1.419380211153497662e+00
5.596876798773555706e-01
1.537307251038445788e+00
9.633354943527049352e-01
1.642132660585059023e+00
2.051922011231155363e+00
3.972877543876311979e-01
1.703215698094511676e+00
2.218181221118252999e+00
2.839965858674371457e+00
8.814843626344679439e-01
9.446835682473306850e-01
1.609534915547431000e+00
3.253241632210301049e+00
8.112153709552267777e-01
1.506452889878920676e+00
1.951755374030095469e+00
1.419021790681203932e+00
1.939112632251702273e+00
8.785037864530222951e-01
6.251153393455928242e-01
1.299357709400142280e+00
1.127257422965434852e+00
6.409575990975655557e-01
2.182068999051042013e+00
1.164972859832127616e+00
9.306372005311467355e-01
9.729281650055863206e-01
1.309776440871801118e+00
-3.290085825475486114e-01
-2.065975628252461060e-01
2.024261181267175136e-01
8.955510784140445768e-01
1.587815483716793707e+00
1.515002952342961784e+00
1.655204888234509841e+00
2.010464256445557485e+00
-4.039898247446304103e-01
1.455803051561025852e+00
9.994422712160738742e-01
2.126421367095389092e-01
7.919496275051410850e-01
1.129511000513568453e+00
2.026818047131295764e+00
1.899761354510446920e-01
5.528401170681056520e-01
2.541534302720551697e+00
4.555173868940629034e-01
8.289631194505281409e-02
3.086525613238034760e-01
-3.761484821986905702e-01
-5.198943946071354905e-01
1.379862362492819905e+00
1.428054233042520327e+00
-3.512605501973299349e-01
3.370193816119581021e-01
-4.562084855933853378e-01
-1.436732038823348212e+00
9.178062764780683946e-03
3.380181632096413979e-01
1.603176855693872582e+00
-3.453331154238356571e-01
-1.654658621496825632e-01
8.118825219648291291e-01
-6.416459263500635668e-01
1.074678089523064317e+00
-6.479004709374647231e-02
-4.883971105416429759e-01
1.910519122724250174e-01
1.101118419546241789e+00
7.020387383133079862e-01
2.699559781478581000e-01
2.231810669045698470e-01
2.960356071467167838e-01
5.279437429858058195e-02
8.794688704858218964e-01
-1.225268420766840727e-01
1.114867717224933941e+00
1.165909606691188261e+00
2.006382193836849126e+00
7.319007231004769354e-01
9.422829534230862114e-01
2.601173091824254158e+00
2.430648984474408358e-01
8.451085461630011286e-01
1.199473494190438139e+00
1.322523192606683828e+00
1.025221249970993398e+00
1.159823404903123301e+00
1.409017575527131250e+00
8.790710280805438259e-01
1.397458589737969881e+00
1.646952567716504223e+00
4.814654806628362316e-01
1.453459007374088952e+00
1.731512027084097349e+00
1.673772083101377595e+00
1.495150443748468394e+00
3.530040225586916769e-01
1.943294797245124217e+00
1.835312277438739592e+00
1.799682581918961466e+00
1.633468976428814390e+00
1.185998506501401817e+00
2.603699350573664972e+00
2.471269387514469784e+00
1.870261775837271934e+00
1.091591491187532403e+00
2.722244787549114697e+00
1.804380897695248454e+00
2.239123905734860642e+00
1.104503857922010113e+00
1.719914930708995815e+00
2.442067465356670741e+00
2.151963918591365044e+00
1.587756377841558875e+00
1.913734956892322092e+00
2.387617359096370517e+00
2.570721217012081006e+00
2.560747236229896195e+00
7.933936368672015460e-01
1.302635625903781902e+00
1.778330528671395072e+00
1.260468662847097354e+00
1.422950076767380834e+00
4.696221878077833090e-01
2.803098180203418721e+00
9.567907916408460167e-01
5.229344779901885509e-01
1.586707819672545483e+00
2.201093203348222893e+00
1.084088470780376845e+00
7.825385498059977962e-01
1.673972660537947910e-01
1.558937561550544970e+00
6.291400122871371181e-01
-4.710810380482401971e-01
-6.947454065968950987e-01
1.347487800635617017e+00
1.430223204453836550e+00
1.692049066643837918e+00
3.744193497603192089e-01
7.686664968936031128e-01
7.250381502980908222e-01
2.522341886168824932e+00
8.003447168740671636e-01
1.547582446694549807e-01
-9.968394306314558584e-01
5.121356916509750556e-01
1.084609081176779899e+00
1.279104693155574957e+00
-4.836714310199161648e-01
-3.673241686608645362e-01
2.244910101163683613e+00
7.815941658910779966e-01
-1.237490967543956266e+00
2.705174558864940071e-01
4.328101153454355088e-01
1.699627132349939007e+00
4.544021307548229971e-01
-7.435253394475295208e-01
2.406678243387160854e-01
8.712949374417331416e-01
-8.396956421047316876e-01
-1.223680048312087543e+00
5.718586051194547437e-01
-2.715894911160777747e-01
-1.173584859882169429e+00
-8.786041027790536528e-02
2.166607731724810026e-01
-7.537674813981336541e-01
3.239126421292208846e-01
1.006173724022348726e+00
-4.918385383909469333e-01
-9.299361451899536002e-01
2.818076036859951672e-01
7.670625162186328616e-01
5.571781301130518393e-01
1.567700062919351822e+00
7.986948411107217538e-01
3.201524724992526050e-01
-6.329633340662471630e-01
6.764146506646875334e-01
1.572433878486865222e+00
1.083690942529971668e+00
1.836002363933775250e-01
1.749484979309952060e+00
2.420477522327948883e+00
2.916513198840925414e-01
2.581380129830639802e+00
2.193258280501571011e+00
-4.948647902444174296e-01
1.689403072582784660e-01
1.706833724487578197e+00
1.437858408753502237e+00
1.671928382613600439e+00
1.879864633584457767e+00
1.757671601593100652e+00
2.090131680591154062e+00
2.020658203480591553e+00
2.226839857078952267e+00
1.729593722995666383e+00
1.063700476339827228e+00
9.311189553008603070e-01
2.743564451182254338e+00
1.441093530713532189e+00
1.178503038098116518e+00
1.614775973145127441e+00
1.346760931058806232e+00
3.514385235009179098e+00
2.984102538011144112e+00
1.602166096484615387e+00
1.800478874463754764e+00
1.819471235112225971e+00
2.184972051786584935e+00
4.375358721150283792e+00
2.056244956547419900e+00
2.615156038313823039e+00
1.601892414347336091e+00
2.101324761025859189e+00
3.624798194464409207e-01
1.099075656927953171e+00
1.947288994098064219e+00
1.755263374955411848e+00
2.084556499874705260e+00
7.388115051022998703e-01
3.452461305784868983e+00
1.427375379127561850e+00
2.868112281227968019e+00
1.873918934858318064e+00
1.045716068185020831e-01
-4.440040375262743755e-01
1.898582684709020363e-01
1.165829393937759972e+00
9.563931190348349265e-01
1.052555858489046869e+00
1.767828541151251542e+00
1.636597348826944298e+00
-1.688841033936269165e-01
1.094184324040097689e+00
4.589928614692672659e-01
-1.085922827371882837e+00
1.974283734690154057e+00
8.753485023724536518e-01
-2.319818101730451998e-01
-3.171135932556844450e-01
3.639334715914070983e-01
2.091113082857056771e-01
1.302845351538884477e+00
-2.467471756460457022e-01
5.780448237101379894e-01
1.269484278770673047e+00
1.262390320604001581e-01
-6.584096966504293658e-01
-7.730273423314910630e-01
1.053642255135066153e+00
1.555328992143572675e+00
-1.085995588988279970e-01
-3.033875459706029676e-01
-9.132828766601938097e-01
-8.716459576383006613e-01
1.738533325517303441e+00
3.656084977874148878e-01
-4.489676721288464734e-01
5.138373410870527014e-01
-5.020971771443936138e-01
9.875528705959812914e-01
8.793211717279780792e-01
1.123155663763184764e+00
6.754765756772067586e-01
2.149852873122759078e+00
1.356495043731066330e-01
2.090437978515147233e-01
1.454295295497342488e+00
7.158780513826885628e-01
8.229554860232513036e-01
1.418587048288166841e+00
2.174324540918012527e+00
1.687479199024485288e-01
4.158533319497815794e-01
-1.535117510492937098e-01
3.381699499073284043e-01
1.667689307435796575e+00
1.229083834008291687e+00
1.856749202982962643e+00
9.751657090678595985e-01
2.460723202039498680e-01
1.237840502550676458e+00
2.369074472494635542e-01
1.974921636091453880e+00
2.197483867466836216e+00
1.367334103130199541e+00
2.434639665121280938e-01
1.024503311847178910e+00
8.400473488139785783e-01
8.736769441662769475e-01
2.309649419166470707e-02
3.117579309418661015e-01
-5.040669525971365195e-01
9.975500812965165665e-01
-7.378175946811024177e-01
1.519341421517824919e+00
-6.239922380310127803e-01
1.148903139755874214e+00
2.831737278612453390e-01
-1.379238027149506940e-02
8.285815607199101818e-01
-1.681450097112875963e-01
5.593687043082518073e-01
-6.622277210306188877e-01
1.401947161324106128e+00
5.912499243452681852e-02
4.521957950585265840e-01
3.533841456953461524e-01
1.388840570755086157e+00
1.039154170395844679e+00
1.349160580335010629e+00
1.024131240960829414e+00
-3.043224027075395743e-01
6.948080549885434776e-01
9.448250472094046337e-01
4.863057540668083711e-01
6.241730581495974484e-02
1.338650333429213912e+00
1.979520030196188607e+00
6.392633023061735642e-01
-1.436278037955666109e-01
4.762756853418166347e-01
1.626202783868201607e+00
1.852172809171476198e-01
1.511224066777273833e+00
6.627811434095919330e-01
6.158664997249316819e-01
1.063215589575604580e+00
1.453385477745383625e-01
1.349334246011805849e+00
1.193717887720218140e+00
-2.196267033536324353e-01
7.320839109115599985e-01
1.255255692166431736e+00
1.161916723988279054e+00
7.630231176639656887e-01
3.552155503926852642e-01
-8.092790609715760919e-02
-1.934031208354935583e+00
4.147471174828974982e-01
1.543990293861236429e+00
1.045516923584914881e+00
1.993850783109635261e-01
3.381152047139342476e-01
9.091638392672842794e-01
8.848874127281203261e-02
4.972546782422093692e-02
7.775087917848715335e-01
6.587291680489431034e-01
1.192658761499522102e+00
3.042380248309383139e-01
-3.520719831198202976e-01
2.992058535510709327e-01
1.709421212391085687e+00
-2.678012554873931417e-01
-1.857653490911548022e-01
-2.008503356335428480e-01
1.313318174702549967e+00
1.638989777274966197e+00
2.642409032215595754e-01
4.932405295477132467e-02
4.949153854738951863e-01
6.351445193790737909e-01
9.527316127777107901e-01
5.188587453891018164e-01
1.228272676054972923e+00
1.216391100318762630e+00
2.870687858710543883e-01
1.984810046545703033e-01
1.047178634329584579e+00
9.909116831973223682e-01
3.361710470553675445e-01
6.946109335489492054e-01
9.171917091725821924e-01
1.327960833536442120e+00
8.787244004696367350e-01
6.963917496654219441e-01
1.320130700531535251e+00
-1.633578204785071097e-01
-1.181645133729866348e+00
1.467101854622474777e+00
3.881835974196067296e-01
2.730129335064639395e-01
1.602470218835607918e+00
1.931019077954078345e+00
9.960235458480494186e-01
4.054267067939959501e-01
1.938392957404792227e+00
2.029379956925956296e-01
1.381284255752484036e+00
7.493471570008105598e-01
-4.270328496783875050e-01
-3.703198258496529505e-01
5.106274889261741556e-03
1.611340096899269714e-01
-7.784110170942604157e-02
1.235276306529048629e+00
-5.478465705527963969e-01
5.924744554195284785e-01
-3.783134437121912774e-02
-1.304683171558379262e-01
7.619506890152418777e-01
-3.665735269920073480e-01
1.456315658856143003e+00
-3.107746058341164797e-01
3.137838785792599894e-01
1.266287836507490105e+00
-8.462292732678826646e-01
1.467010810017433498e+00
-1.408498276128583582e-02
5.970074875532372927e-01
1.193307707008435248e-01
8.273065217153916517e-01
-3.957413400053547692e-01
-1.406499717694192908e-02
1.214616766119875901e+00
1.268676630064445199e+00
-6.158163417120554595e-01
1.104257533519421131e+00
-3.091088825101412363e-01
1.611252958051168083e+00
1.196872589884376614e+00
-9.129615382368849730e-02
7.082202812838075401e-01
5.538149211323614152e-01
4.254933167698345953e-01
9.645135681519534376e-02
1.257284223355678687e+00
-4.931286596357808971e-01
2.747126991832749887e+00
9.464083075448377347e-01
2.134083341415118351e+00
1.988530975991669614e+00
3.899337034141473479e-01
7.085014162993485964e-02
8.218116093469389760e-01
1.968711712824857685e-01
-8.311189305868349475e-02
1.090651028871636452e-02
1.470266909812409040e+00
7.961131279995087295e-02
1.219647327121933689e+00
3.944887978028810971e-01
-2.620161732808345967e-02
1.193834998063140862e+00
7.546228721701597753e-01
6.805163952994554011e-01
-7.041395478605716463e-03
3.512016759074829686e-01
-2.600611737244126198e-01
1.116052317997334731e+00
-1.102249980838696519e+00
4.106752591178178258e-01
8.926826782910343150e-01
-1.341159806208720995e-01
8.138657365026182866e-01
-1.031916773011103128e-02
-1.317733113521138422e-01
-1.442616900116286738e+00
6.839764133685435898e-02
3.672519165139521147e-01
-2.834213898494925554e-01
1.213613516727411357e+00
3.047354724239037527e-01
1.075384902540102328e+00
5.262088951519483526e-01
-1.710495808827374731e-01
6.171043171703141095e-01
1.083505072288724280e+00
1.267720070191240112e+00
-6.036887561217531006e-01
1.337595652762981757e+00
2.656949510830703076e+00
9.595908544624177638e-01
1.481386582730935153e+00
1.928902025996025227e+00
1.021798110043046659e+00
1.176698275636576252e+00
9.677892371016438844e-01
1.939195881839845370e+00
1.165076492267341779e-01
8.208770632677803158e-01
2.153678237017179198e-01
-1.083411673061095426e-01
1.745743519531174792e+00
6.222245157114408842e-01
1.360379911581185652e+00
-1.940337246358226908e-01
-5.006438428893534853e-01
-9.593812731934914240e-02
1.999607200668046758e+00
8.551210300750904381e-01
4.702257943192581502e-01
1.310018949875463301e+00
4.772687329701884584e-01
1.735738239585784548e-01
1.491753599492214644e+00
-1.193347229891905670e-01
1.053244503610315741e+00
-6.849917160425833540e-02
6.417457334498158916e-01
2.003471581175126026e+00
-5.846053322265244434e-01
-8.624885171609334433e-01
5.610023387098395098e-01
-4.496140773646401523e-01
6.557529601571737699e-02
-1.265272422018494658e-01
2.828259015422622813e-01
-4.795551159349150661e-01
9.397874929459791860e-01
2.077740173424368897e-01
5.379062668764912347e-01
5.657786472626937790e-01
-1.229244886157452754e+00
5.651811928377026284e-02
1.066361543168275805e+00
1.200917323311416540e+00
-7.267662008968772680e-01
2.856690941961003150e-01
-7.071795517522617702e-01
6.370959819056941642e-01
1.755433307107375773e+00
9.502853095734594691e-01
9.000170786096428621e-01
8.127844327330845386e-01
2.549973365780822565e+00
5.662384838934342302e-01
4.044808384599117845e-01
1.223709761309004218e-01
1.099705663716821658e+00
4.314883197041933238e-01
3.719688514244771094e-01
-6.213514786354360497e-01
1.667574488148235501e+00
1.649699537191371412e+00
3.753178444016747051e-01
1.007399517823529767e+00
1.191198590742734709e-01
-1.167624573608836425e-01
-1.149175723019457029e+00
3.545636024127298835e-01
-7.832963677036284267e-01
8.895637793299899787e-01
-1.191466890327739225e+00
5.002351409058265475e-01
2.755004232433635458e-01
2.772992828478847982e-01
8.485634016022414183e-01
5.249727408057025535e-01
-4.418408211768248828e-01
6.890598202785773729e-01
6.035622416410405533e-01
3.230363772003154166e-01
1.974040901239782819e+00
1.115878747281003225e+00
-1.766252693772756011e-02
7.179452749749979379e-01
6.723328646043867929e-01
1.046865543416133776e-01
2.135238563150527180e-01
-1.949099330188653334e-01
2.206840481248692587e+00
-1.538433403864878368e-01
1.057356016335131432e+00
-1.099905978561116937e+00
-9.014858673922911958e-01
2.836190791871536110e+00
-5.123148789550110438e-01
2.198245276389077518e-01
2.400869905215958777e-01
4.475376985122073714e-01
-1.107355732252853553e+00
1.858878273120058155e-01
-2.138390210402264513e-01
4.875950368258760714e-01
6.798781466432800569e-01
1.565321113708347811e-01
3.952213405363967924e-01
3.760942431268374797e-01
-1.614246536097909690e-01
3.838233349935055161e-01
9.899355307661996672e-01
1.079605561362680488e+00
9.758021284099708259e-01
5.944060423275856486e-01
1.781643516569304531e+00
-9.050853763820242426e-01
-3.150117033853704340e-01
8.523925902910514107e-01
3.945153864014094847e-01
3.124037788629829837e-01
7.343737650110662152e-01
-1.144394674400092127e+00
-1.545517995878320505e+00
1.241058104888816516e+00
6.022174595347651316e-03
6.420034174918132219e-01
-4.914363198606820360e-01
-5.289368654293882255e-01
-1.055449944666544404e+00
6.929341654522257477e-01
7.557368931070774787e-01
3.028968130772326517e-01
-8.501981195769121868e-02
-3.773715896876622677e-01
1.663935161099653892e-01
1.353611960723511753e+00
1.451170914503043585e+00
-1.756398762757496401e+00
-1.907379767003074544e-01
4.652769776801597978e-01
1.200705076881145805e+00
1.166187047185955894e+00
7.968155476548385296e-01
-6.458815175712668832e-01
9.056596958199727432e-01
8.922976311220978118e-01
-2.317661638379561184e-01
5.382582794023211825e-01
6.015073905730174975e-01
2.133473084190407043e-02
6.247237906720314315e-01
-5.364800867595322931e-01
7.751289508695463626e-01
2.614564609466216716e-01
1.312503228630866658e+00
6.151668569962609467e-01
5.225333485611871609e-02
1.132975267549663378e+00
9.701887120700508627e-01
9.898503759525665302e-01
1.457222848373791457e+00
1.452666685913084788e+00
9.129390318864794018e-01
7.778019583254204283e-01
8.460014036268507231e-01
3.373527550076327874e-01
7.948776279293614522e-01
1.611158302940758347e+00
5.751082778018944408e-01
2.159105854252448276e-01
-1.097631360223054742e-01
1.270466105112160404e+00
-2.338664542410057168e-01
1.904228796664147794e+00
-6.970720888798345172e-01
-5.106347545065941240e-01
-5.391744447050489386e-02
4.200248672970291475e-02
-2.298939532893493343e-01
1.821124143783804106e-01
-1.931867415430806867e-01
-9.568527511986577028e-02
-3.497180675657050042e-01
9.415254827169308172e-01
5.684188359920295391e-02
-5.120838961672307121e-01
-3.759690328609048282e-01
1.672504084448646955e+00
6.418825810364681139e-01
8.751537988013518010e-01
1.657703261190340172e+00
5.586687342996030647e-01
1.798110088986219157e+00
5.833651168235816087e-01
1.190993890030840330e+00
-1.274842306507620870e+00
-8.863605964905951762e-02
-9.362469747962390842e-01
7.248242011675886110e-01
8.539895398660597436e-01
7.097872016171508092e-01
9.214136188679131756e-01
-2.034340612964535833e-02
1.070376932416370774e+00
1.256353607783451620e+00
4.929551611965787838e-01
2.629105028535625443e-01
-6.604669794604478561e-02
1.180977180806480620e+00
1.147503881689269312e+00
-2.986053869236052760e-01
6.431628007507590450e-01
2.212647496161729066e+00
1.136386631293859084e+00
6.749277126029356033e-01
1.206396168360529764e+00
9.860716424592919083e-02
1.381805355825985515e+00
4.501674253994836228e-01
8.341538244289299353e-01
5.169361262119080980e-01
5.077426785288960964e-01
3.655001987524937324e-01
3.146450494708635803e-01
1.043602234146316643e-01
4.383750879553434121e-01
-1.247242061269711266e+00
-5.568644021312513237e-02
1.074495480400758929e+00
-8.682776024921874392e-01
-1.013369608452081155e-01
4.184446745139845381e-01
-8.361347291999009501e-01
-3.970003785905396043e-01
-4.273199386667267952e-01
-1.144696042884728371e+00
-4.493659414471700697e-01
8.306583738442590015e-01
1.886110334971549118e-01
-3.586119168996766970e-01
1.718344798591778244e-01
1.149124947820244547e+00
4.332366628267071973e-01
5.777970372776534136e-01
8.211836824086438114e-01
-1.362638174108317779e+00
-3.831175180625308041e-01
1.385975363774317515e+00
8.734219762701853629e-01
-1.098366747750434635e+00
-1.556733716902592990e-01
-1.659026607902464034e-01
9.796631564467835895e-01
2.093249171353797067e+00
1.595292738943299593e+00
2.686370535881571708e+00
6.262140229911843381e-01
2.226412989581652013e+00
2.022033117074850672e-01
3.812090008945243635e-01
-3.207366567785119305e-02
-3.265327195364431390e-03
9.089608945527806183e-01
4.018014850914534142e-01
-1.212257219485731286e+00
1.017275177703381939e+00
1.748983720581829715e+00
1.052508300486828086e+00
1.496820696297683551e+00
1.496041680676371000e+00
-1.237516907841007541e-01
-8.852201595291979697e-01
1.777623998376917758e+00
8.390771994123262800e-01
7.754487341488656149e-01
-4.540592821157973802e-02
1.102306446536266415e-01
-5.777001308500910870e-01
4.920258968507618125e-01
-1.068715151790329720e+00
8.158076273308266790e-01
1.122979992760353207e+00
