-1.343803647908606014e-01
1.304050315728201292e+00
-7.206010442558050677e-01
-1.539254223149448597e+00
-9.642353511029670976e-01
-1.287746504144983817e+00
-1.527521198161677363e-01
-6.014504782183474618e-02
7.845839144234083573e-01
-4.002864307769445351e-01
5.714297884703262165e-03
-1.335062627311749406e+00
-8.765376190163252090e-01
-8.709407776152352509e-01
4.644219965934364702e-01
-1.368125766894658646e-01
-8.128942415953132050e-01
-1.145502648972088533e+00
-5.173814970091878962e-01
-1.187439226648290713e+00
-2.824896261448633927e-01
1.555173996607749909e-01
-5.158400182347949725e-02
-1.629839612625456624e+00
-1.925694693338125263e-01
-9.346110432531919976e-01
-1.828733490543381413e+00
8.703498634136919154e-02
-2.297361829226921004e-01
-4.493024934301391160e-01
-2.167054698135979507e+00
2.973671090600273903e-01
-9.952491644903008750e-01
4.334112257318284422e-01
-1.178868563553130189e+00
1.209006897218505294e-01
-8.972039795032942244e-01
-1.737829887004453955e-01
-7.663666256308178104e-01
-1.060800656530054287e+00
-1.114194250981232814e+00
-1.754795735188129591e+00
-8.072808747935391604e-01
-7.911028075219065370e-01
5.988926338301688856e-01
-1.800528117131944272e+00
-5.243874871414461181e-01
-3.069500076289675139e-01
-7.022143039992316815e-01
-1.125335613112932620e+00
-1.495734237004417988e+00
-7.040851821982903047e-01
-4.723747191616052832e-01
-1.335110544989911663e+00
-6.346058943616210701e-01
-1.348719561702189651e+00
-1.085374325586321742e+00
-6.605157400632394316e-01
-1.134448808661298047e-01
-1.276372633143634472e+00
-1.011959720955914133e+00
-2.460514650334509890e-01
-4.547337592767917158e-01
-1.122558538065213884e+00
-9.496059874527661426e-01
3.823251331445478574e-01
2.099862072695861670e-01
-1.374136508876234064e+00
-4.964813629990512123e-01
-6.571070428951661935e-01
-8.951832111390277680e-01
-1.496308194652007928e-01
-1.137847694252953401e+00
1.012721847614079573e+00
-1.118993747799929217e+00
-5.624810610653674381e-01
-7.853568050199378758e-01
-1.319848823442741681e+00
-7.780928158244300175e-01
-4.435699758256588243e-01
6.808647000169497643e-01
2.568343945191009503e-01
-5.636608836771843656e-01
-7.065382300850697739e-01
2.155110126804938298e-01
1.071401459196987815e+00
-1.077919124230789727e+00
-4.666261024664903889e-01
1.413302077061584061e+00
-5.185916546041517972e-01
-6.180965486164363698e-02
-2.308932102638045769e-01
3.687151309602052507e-01
5.336989280945240166e-01
-8.870496479746928786e-01
-1.796609382976689373e-01
-1.448777501960724967e+00
-2.202244935857810837e-01
-7.514129826045731209e-01
1.119969334976724379e-01
-8.206363304039865358e-02
-4.517432571568291144e-01
-7.135106185176030014e-01
-1.151733085853413607e-01
4.803851107851420110e-01
-8.022383037139957374e-02
-1.019314674036965851e+00
2.326290697708652266e-02
2.275774194228307734e-01
-5.772356420994063653e-01
-1.874994123842417260e-01
-2.157896354885159518e+00
4.523949904966366731e-01
-1.367133346578369713e-02
-1.075741700840662007e+00
-7.267628964921406531e-01
-1.437289894886071950e+00
3.185101747602514521e-01
-8.882953588333604156e-01
-1.212746678547066193e+00
-1.235429874795122007e+00
-1.540843434212137764e+00
-3.114505530853746706e-01
6.495716583720627657e-01
-1.417562499818538990e+00
-1.236280614806609002e+00
3.147350964941024731e-01
-1.067135073918732857e+00
-2.675997794424213039e-01
-6.254836830592850339e-01
-2.225769845678793324e+00
-2.585908691267014614e+00
-4.861635338488909941e-01
-3.958219622792447101e-01
-6.471954457382482762e-01
1.549223510183463937e-01
-6.232975762708965473e-01
-7.805530994443152792e-01
5.017727510880241049e-01
-7.211908262050749086e-01
-7.024698904257405951e-01
-1.395467469626704426e+00
-1.093993742002148384e+00
-5.269596828661859966e-01
-1.110727511005437762e+00
-5.281914019658551229e-02
-5.282506024282944690e-01
-4.082744027133360376e-01
-6.399010042926500663e-01
-9.473191231437047000e-01
-3.516895655223345463e-01
-7.856349447510737605e-01
-1.793572337340439304e+00
-1.903142236612454408e+00
-1.477591565890707503e+00
-6.501380747829734741e-01
-3.886678934618537085e-02
1.603415923036338731e-01
5.563505546006471958e-01
-1.310097879258091069e+00
4.122282570788629030e-01
-6.995859847237180240e-01
-8.426941444170201745e-01
-2.256730769515846280e+00
-2.135380484027220582e+00
-6.901100807870717002e-01
-1.071646581820003608e+00
-1.718454480526243611e+00
-1.740210405994777054e-01
-1.306396777147213140e+00
-2.747800580077345844e-01
-3.691659443198899715e-01
-7.225370306459497627e-01
-1.215747821692702679e+00
4.480874542634931679e-01
-1.762826666892722272e-01
-9.757799066908761088e-01
-7.446813822997596644e-01
-7.966075330514801323e-01
-8.406318331916935449e-01
-4.486751667274248012e-01
-9.976817443485452852e-01
-7.790861762790008971e-01
-5.922511925186546566e-01
2.312500806440596635e-01
-2.439762748294638794e-01
-2.042193997425697738e+00
-1.115263758833573871e+00
-1.155329635744318351e+00
3.308108719473481507e-01
9.794875146526162979e-01
-2.039979983174774469e-01
7.864207307490359566e-01
-1.410289140807867714e+00
-5.516672744765118708e-01
4.684696417171378968e-01
3.065398226875318821e-01
2.658902151629502497e-02
-7.559520027871747816e-01
1.030362732433688588e+00
4.016823201183947756e-01
7.917618002438131519e-01
1.015557719672333103e-01
-3.157647005394340761e-02
-5.947444897193755464e-01
-4.064077201263752714e-01
2.443996442089416132e-02
8.142344628483593194e-01
-1.442996362288527512e-01
-1.749139300021522736e-01
6.315470140333298010e-01
-6.849419066610731299e-01
-3.636296877332266808e-01
2.415389412665430724e-01
-8.055772578146791485e-01
-1.255554276622091459e-01
-1.044090602561475123e+00
-1.387243132585995298e+00
2.593215821753174222e-01
-1.974965617447303590e+00
8.022564509270752042e-02
-2.216125824121793486e-01
-9.367931579277122278e-03
8.582874630806289762e-01
3.494418548069730956e-01
-1.146854146417568110e+00
-1.052790523380989995e+00
-1.310532917946916287e+00
-4.227078264977471855e-01
-8.556357710790030158e-01
-4.132104455165964696e-01
-9.312287525843393476e-01
4.038635231868251685e-01
-3.605215476242065176e-01
-1.313726775648692335e+00
-1.157849556340356356e+00
-1.304210566382084657e+00
-4.594837891147629527e-02
-1.337741289688398671e+00
-4.469779082059900377e-01
-2.241634036222491577e+00
-1.612533949579114001e+00
-7.932397434190154861e-01
-1.211175381612448199e+00
-3.555753937384292795e-01
6.002162663805687970e-02
-1.451638684464958251e+00
-7.020072929138685414e-01
-6.737342181745364922e-01
-1.748328314657458860e+00
-9.862584998414213322e-01
-1.465863854871257033e+00
-1.025172355341825714e+00
-1.300966825217503731e+00
-1.593042453805363357e+00
-9.481319542990634952e-01
-4.034373664845057328e-01
2.747379007915212723e-01
-7.275558884889419264e-01
-1.625694825763095430e-01
-1.476928260259509074e+00
-2.949447965332377408e-01
-6.961261851153202063e-01
-3.733784196580373638e-01
-1.178808780759181385e+00
-8.201436653412776945e-01
-6.697152422601757582e-01
3.085237679774300856e-01
-3.051023270097510953e-01
-1.149678834194090227e+00
1.412491770895316634e-01
-1.905555957750075247e-01
-8.808082187206625058e-01
-8.804966516904402241e-01
-8.514292475803469928e-02
2.333144429720089841e-01
-1.570688328401218969e+00
-1.150619461347311745e+00
-1.891605443136555320e-01
-3.219451184731707549e-01
-7.939073889094336867e-01
6.655944927502189801e-01
-5.959969176881502184e-02
8.181239718784911741e-01
-9.370462393061265716e-02
-1.101826879206440069e-01
-1.156363309212300461e+00
-1.633442988559845821e+00
1.201806269631305879e+00
-5.478800072434851787e-01
-1.342959040798141990e+00
-1.307403830195777106e+00
-1.081601142753756628e+00
1.045585965012284235e-01
2.321683358087507365e-01
-1.112175160701102561e+00
4.105829562852327252e-01
3.618062219391568468e-02
6.937041795459842897e-01
-1.828949956363891571e+00
-8.565937647355014173e-01
-1.142152338810931589e+00
-3.747642466449954690e-01
-1.097884478231647698e+00
6.241534513314330734e-01
-3.760456551519361645e-01
-7.979727544658640759e-02
-6.209171686549708191e-01
-1.373485012034524777e+00
4.585585141488694449e-01
4.964411231896846965e-01
-5.889267788974617002e-01
1.266631145683001947e+00
2.725587280220221897e-01
7.050250402665283467e-01
-7.140580360694994688e-01
-1.419492698974830658e+00
2.036418445705039382e-01
-3.109252794634878025e-01
2.702610851259225067e-01
3.335066017144012185e-01
1.156594390420702556e+00
-3.932916528500493003e-01
1.060327696424999688e+00
-1.040014547690770730e+00
-7.851207108649016497e-02
2.044592206292515923e-01
-1.839038125654787414e+00
-1.472727996051951260e+00
1.664084236461906841e-01
-3.402547754549441472e-01
4.198000220399596971e-01
-1.691348676804434348e+00
8.449166382839435885e-01
-7.953876677966342790e-01
-1.352494482124617203e+00
-1.093779660683210198e+00
-1.002456996946039958e+00
-4.567080457049693676e-01
4.163920011286270650e-02
-6.308474341565323273e-01
6.358955632528129343e-02
-1.074604236467572971e+00
1.891876878509132220e-01
-7.826362110816765805e-01
-4.082387737927192228e-01
-5.404785430414138503e-01
-2.292704098477433838e+00
-1.511788848890045500e+00
-1.331902073719728019e+00
-9.081399892879670199e-01
1.142479657789099434e-01
-1.366558136761462761e+00
-1.354255515841746194e+00
-1.804175427696694589e+00
-4.000328119519301895e-01
-1.083257592858361207e+00
-1.414679410647116331e+00
-5.548057039819196401e-01
-1.881959299317753853e+00
-7.190540479942892915e-01
-1.393892305996051739e+00
-2.903005511278915485e-01
-1.207904835625346340e+00
-1.159038379509506056e+00
-6.753967687399397013e-01
5.043667370835270836e-01
-1.190902187116547939e+00
-2.244270248104240917e-02
-5.448003327726513856e-02
-2.470080159045714430e-01
6.820874551844505751e-01
-6.811208276979144882e-01
-5.163253662521405385e-01
-9.211828572401041804e-01
-2.886631067300408082e-01
-1.561059273767311462e+00
-5.065795424059975627e-01
-3.557844285520361804e-01
-1.386031863560459820e+00
-3.719000144013956399e-02
2.238225548707151180e-01
5.284573034236745848e-01
-7.187351409355114962e-01
-1.542439836658909269e-01
-1.263297994531697777e+00
2.049613480556189415e-02
1.234562118521391749e-01
-6.414538935677733811e-01
-3.301298062596321747e-01
4.416237715430625932e-01
-6.401312118080317859e-01
1.120324184522066557e-01
-1.092966692637010739e-01
1.164428678196103295e+00
1.759901262316564130e-01
3.019109155200658812e-01
3.419460560301612606e-01
4.376064035742597835e-01
-9.606666068220138799e-01
1.041723514876108592e+00
1.381709759139324367e+00
1.270019955273963275e+00
6.944084012479605494e-01
-1.245366543194422332e-01
-1.268582999668060651e+00
-4.301119508738974195e-01
-7.156492801026279049e-02
-3.570679433739119557e-01
-5.600851038371809087e-01
-1.763471613035435814e-01
8.715032945561946853e-01
-1.342074156032364574e-01
-9.106384316030555759e-01
-7.822609388091008586e-01
-6.836338443372018681e-01
-5.768505907706233948e-01
-3.170008968247994829e-02
-3.037506193216276684e-01
-5.740658441664061584e-01
-4.912958535947674621e-01
4.064405842603840968e-02
-1.410505354570895653e-01
-1.552806141266582562e+00
-9.854878384290290949e-01
-2.087633649362688470e-01
-6.562146146470422270e-01
-4.546225366169061588e-01
-7.795409723107173949e-01
-4.849163703306350603e-01
-2.068575937584963054e+00
-7.545935457725270190e-01
-4.840771387495127476e-01
-1.333675808906404914e+00
6.818392146179252933e-02
-9.376895557936473224e-01
-1.179782381818427428e+00
-8.366478957091272317e-01
8.987102078916842096e-02
-1.231896011471475205e+00
-1.375728536658151313e+00
-4.872053155164075000e-01
-2.770820785522919438e-01
-8.040572653436997008e-01
-7.359724427145607484e-01
-1.766501149543897586e-02
-9.709307229448173038e-01
-2.060273894998855271e-01
-1.410552025402462828e+00
-1.583577109576137509e+00
-3.897038249272143373e-01
-3.646584397043648451e-01
-1.109338394193284394e+00
-1.295032960644724618e+00
-4.048792709722799366e-01
-9.028229202128132957e-01
-1.530219870863247511e-02
-8.537325273314119167e-01
-3.485624690904837730e-01
-4.520294160535765493e-01
-1.058011213464139288e+00
-1.397769342082985533e+00
-7.589283002643810727e-01
-7.742213276605343086e-01
-6.724891527420319148e-01
-7.163960671011058157e-01
-4.832076454304363167e-01
-1.001837020209813245e+00
-1.348210334294233537e+00
-2.381607042582165601e+00
-2.472649296422207987e-01
-1.046250001714723599e+00
-1.349175998971705148e+00
-6.049179592679615469e-02
-1.222855294999106057e+00
-1.012842954290074093e+00
-9.780378700727900831e-01
8.384244817778170322e-01
-3.426893361209688016e-01
1.636772315569475222e-01
-2.949242005070453199e-01
-7.923887588787394964e-01
-1.079223793374317064e-01
-1.299564617693137913e+00
-1.981348043261945024e+00
1.336239883970615328e+00
-1.142270763206129525e+00
-2.832856516040491712e-01
6.872320386826005212e-01
-4.063725491544473156e-02
7.594155691807844555e-01
-5.594854843342209061e-02
1.719615229435839387e-01
-8.569390086740644730e-01
-2.008625531804477116e-01
-1.384286580948385303e+00
-1.126274038827820567e-01
-2.138234459522085074e-01
8.040609337869053519e-01
-1.422948921008713619e+00
6.579272006904769710e-02
3.687931692288098917e-01
-6.749991913919686226e-01
-4.201933070938745907e-01
2.122239698566081578e-01
8.756105035925910718e-01
-9.615124344332610651e-01
9.472326424652587340e-01
-3.412075519720222383e-01
2.989687293909384924e-01
7.451347963425182241e-01
-3.143537256928218837e-01
-6.027173232953811910e-01
-6.852058697628343742e-01
-1.382515244790293751e+00
-1.305132916952168376e+00
-1.503359249040899515e-01
-7.155079491957045956e-01
8.268472273047032806e-01
-9.739909925067110619e-01
2.555952086065000350e-01
-1.184183143166981145e+00
7.767339929872321136e-01
5.105069717685972730e-02
8.888772270877920434e-03
-8.472016368232437866e-01
-1.514569455583981261e+00
2.933400788907540857e-01
-9.941381553452417474e-01
-1.113623906861395341e+00
6.197066432897319066e-01
-1.953302622146947609e+00
-1.085142649774425427e-01
-1.020320693144357804e+00
4.197872117271799208e-01
-1.299766920652261515e+00
-5.129987180243148481e-01
1.619323813889296249e-01
-8.763571489470787235e-01
-2.121679922974975874e+00
-5.901331990896717672e-01
-8.226627537743563812e-01
4.712857148318013722e-01
-3.308862384367471376e-01
-1.777145415522535910e+00
-1.092979294394765155e+00
-5.668883717236550268e-01
-2.807587359732186538e-01
-2.957150293677416997e+00
-9.534924779881349677e-01
-1.279047383755176792e+00
-9.158158500448086992e-01
-1.032572155994674334e-01
4.118864879129198187e-01
-9.923728003770510009e-01
-1.414024685997339326e+00
-2.027876320321559067e+00
-6.263710587110113970e-01
7.254879064816369683e-01
-2.012784010706275772e+00
-1.261573175742410902e+00
6.391167745736558992e-03
-1.103772142003269785e+00
-9.151087933181184519e-01
-3.777661298967743830e-01
-1.463762608891631123e-01
-7.801296029512979624e-01
-1.322250720976166027e+00
4.218996231020170073e-01
-1.528577575933233845e+00
-3.590677383819964597e-01
-5.657479981908574151e-01
-1.232888934296241690e+00
-9.025914529405343334e-01
-1.393471652722502618e+00
-1.086675445752654401e+00
-6.928812211128965171e-02
-1.141117792129594299e+00
-1.308652796922995298e+00
2.738216501406859904e-01
6.588525142073721197e-01
-2.526208268864312267e-01
-3.750171469646733646e-01
-1.786864626261205125e+00
-5.191070385996520153e-01
1.697017814750775289e-01
-1.099517996691568023e-02
-5.583565679427735517e-01
-7.486543479928786660e-01
-1.225110731180430568e+00
1.995663977728359684e-01
-1.303770180837162451e+00
2.670455051750444397e-01
2.613359100820167868e-01
7.224133760726419995e-01
-3.186840497661207472e-01
-9.156429091291108380e-01
-2.879729830686005299e-01
2.386142420820708959e-02
-7.551687317996909066e-01
-6.490309980268747780e-02
1.383673518286829551e-01
-3.587058383237111681e-01
-2.616339338534420800e-01
1.507380009378715080e+00
-1.772708967920082757e-01
3.122776627301225294e-01
-1.021703006548004167e+00
-1.668109840856263626e-01
4.803797282715874251e-01
4.461648796898400882e-01
-5.876172192094155644e-01
-1.341238483447908969e+00
-9.630540915505340083e-01
4.243839531502082152e-01
-4.446898005655502972e-02
-9.142894823165086393e-01
-5.862307501306829316e-01
-6.722250694212821287e-01
-5.463368645904684850e-01
-7.677146593555614906e-01
3.721422714936702403e-01
-4.133182879430797874e-01
-1.449645457597357190e-01
-8.622650810774219465e-01
6.866663554284113680e-03
-2.471758238409377029e+00
-2.365556412016548427e-01
-5.625511012771001740e-01
3.009718849061402413e-01
3.162658792993532364e-01
-6.065019437365599675e-01
-1.611015369449909418e+00
-4.841592510574579955e-01
-1.678116262345803023e+00
-4.751940571746041675e-01
-1.099218885183580685e+00
-5.446815124238164607e-01
3.678964197789880153e-02
-1.516467719901131606e+00
-1.690538389810591458e+00
3.199079974354358535e-01
-5.366263013086085554e-01
-8.174980124211986832e-01
-7.598700281884518404e-02
-1.782516778276804992e+00
-1.176157738343873493e+00
-6.727295115798400671e-01
-3.711695735133354601e-01
-5.094574206973977448e-01
-4.980414277196646422e-01
-1.645856582061628215e+00
-1.092719692793393538e-01
-1.771122068730448973e+00
-6.232666082188769163e-01
4.522553434190660360e-01
1.823195546841379633e-01
-5.368220879811710367e-01
-1.054700771889182986e+00
-1.383852370304122559e+00
-8.303001986658014033e-01
1.692757971861003075e-02
-7.420093212624446766e-01
-7.276730586809205814e-01
-3.139026016846366285e-01
1.069268547637139966e-01
-1.328560515384398455e+00
-1.163493422865606419e+00
-5.537424327604796304e-01
-4.648126757801230857e-01
-5.761858816940911288e-01
5.208445618234659458e-01
-2.820700240985102858e-01
-4.599413648862016868e-01
-2.825973350632465575e+00
-3.510081941241370296e-01
-1.650659807401798629e-01
6.718441446519678450e-01
-1.348450892016005875e+00
-1.324343295975353385e+00
-5.228513346987727628e-01
-7.449882515586719878e-02
-2.419319118640538280e-01
8.489537058826157612e-01
9.687962912794527703e-01
4.525510552572726275e-01
-2.146671051416574105e+00
6.595439853120549367e-01
-1.963765173411627929e-01
-3.074701640454185481e-01
2.020306657672387707e-01
-4.319758482267549993e-01
-1.781452138599626256e-02
4.080235535213830311e-02
-1.369154796009083519e+00
9.484120815514739400e-01
-6.941170279023565204e-01
-2.422690482333308692e-01
-7.300088809905163068e-01
-9.732776476831196399e-01
-5.309779817716933081e-01
8.063902887420857368e-01
-1.572837537644498740e+00
-1.762168253343141533e-01
-1.094129677913109777e+00
-5.636052417265431380e-01
2.593130039200552961e-01
5.040154062875245033e-01
1.199906472082330477e-01
-1.069334665409041873e+00
5.198420932271137218e-01
-3.022123659562571674e-01
2.161842783634949638e-01
1.264996142456673800e+00
-2.916232390111461736e-01
3.035997812700532150e-01
-5.320999941614349416e-01
-6.599890480220933497e-01
-4.406638718125916454e-01
-1.185462871523612405e+00
-6.492492214474543388e-01
-1.152887717850190064e-01
-8.914368541729841278e-01
-3.493829483538139491e-01
5.614588145412457987e-02
2.473285289465211312e-01
-4.191078118722811885e-01
-6.599801901171850060e-01
7.661411022948971805e-02
5.722116631103907336e-01
-7.897994964449245314e-01
-1.334219432558442442e+00
-1.317582815295956333e+00
4.822051518834863382e-01
6.059056710151393688e-01
-1.935350943891415154e-01
-1.377147435751178817e+00
-1.558845980206864379e+00
-6.343765364711628774e-01
-1.964582564584411717e-01
-1.757930507720842916e+00
-1.009518986186381362e+00
-1.097841688430536422e+00
-8.026872883446567464e-01
-9.569600728316005611e-01
-1.182426586284812675e-01
6.172698418441056045e-01
-6.602178975217747325e-01
-1.585013711115324631e+00
2.850021660252455291e-02
-1.378618182682169735e-01
-2.123613076178017423e+00
-1.637736864899058675e+00
-1.154436291521326874e+00
-9.651810302244918649e-01
-2.551944858283708761e+00
-1.597768983123459163e+00
-2.343343913546896973e-01
-1.145939071756293393e-01
-2.796424587235472048e-01
-4.636723669655080649e-01
-1.308127392487735463e+00
3.861023932435134753e-01
9.398213462048754518e-02
-1.078734065031695444e+00
-1.055014761517784283e+00
4.997794467633395188e-01
-1.182867427323697429e+00
-1.435160374321907462e+00
-8.201413767151904954e-01
-7.818774819109118868e-01
-1.241376767356834332e+00
-1.221304019193807822e+00
1.580716250059882588e-01
-3.996321263324424944e-01
-6.921867125695424505e-04
1.637989685152833053e-01
1.827328596726845999e-02
-1.550766803546620887e+00
-6.993869891362094471e-01
-2.179270744343561605e-01
-7.519185121161668928e-01
-2.999497309939896939e-02
2.534563303496179532e-01
-1.017895791685800466e+00
9.495749917335509771e-01
-7.616217688309991907e-01
-2.825117153343179033e-02
2.349927772762921419e-01
3.734896150384475755e-01
1.534456742612129165e-01
-8.437305910923931229e-01
7.182416661667208047e-01
-1.162127143072819280e+00
-2.196083696589309575e+00
7.187155485085463535e-01
-3.831518602580263333e-01
4.062945754154715372e-01
-4.478817601231225853e-01
-1.745986889465800662e-01
3.559614805219212252e-01
4.883455924740440213e-01
1.410765736511181867e+00
-8.714157741534730439e-01
1.437044191832047846e-01
9.478192055758037915e-01
-1.748183501152208996e-02
-2.439725894779772863e-01
1.283318090667616707e-01
-1.437359173843842486e+00
-5.839446316392515879e-01
-3.338957809918309261e-01
1.111413670588083713e+00
9.449278325565519943e-01
-3.960384031750051048e-01
9.187637938286634665e-01
5.753115428094135453e-02
4.262012259072431863e-01
-8.015469513121847855e-01
5.266311520632462884e-01
-7.758513616535012147e-01
-1.932041086707242394e+00
8.653694042980450973e-01
-6.868263900808551092e-01
1.093189432344705558e-01
-1.301078955869624743e+00
-3.921890733659365580e-01
-1.456233352965389249e+00
-1.010714734051555652e+00
-5.683198460517299155e-01
-7.754399602788980550e-01
-9.576848910422737227e-01
-3.489673267715828753e-01
-7.824918044783315541e-01
-1.255022042050708553e-01
-7.531315888447420726e-02
-6.290822786933103483e-01
-6.337835386258430237e-01
1.156678969167058035e+00
-9.168162370401067296e-01
-1.541631721194818061e+00
-6.924963514709664425e-01
-4.750366063023803154e-01
-1.260810755220851176e+00
5.315190356811668737e-01
-9.658711336204065523e-01
-9.110747641318009959e-01
-1.588179498438418324e+00
-9.855392997050066439e-01
-5.836477864919016323e-01
-1.587295589462839995e+00
-9.712582879324809237e-01
-1.589632682106242534e+00
-9.176568111617017243e-01
-7.076062050429325900e-01
-9.790059539684287104e-01
-2.547332779340527598e-01
-1.671932299380336495e+00
3.021947212609465971e-02
-8.766740039709884913e-01
-5.513788496131040162e-01
-5.612147634310208355e-01
5.774130932292329543e-01
-4.856516278730789171e-01
-6.688258344001232203e-01
-1.393981634210268661e+00
-3.556215297339209158e-01
4.608906743533458528e-02
7.865037936993489742e-01
-1.420227317453141014e+00
1.490973735120051380e-01
-4.639412871105147440e-01
4.951184471753855565e-01
4.842539354428649911e-01
-2.059424239553461433e+00
-1.032136620478906419e+00
2.098681463246371282e-01
-4.933873099781987959e-01
1.122030026794477719e-01
-3.773575826781255804e-02
-9.956922459006462001e-01
-7.875574169066652530e-01
-7.162171347164196789e-01
3.325856507897705927e-01
-6.074305715738836930e-01
-9.990969315911215620e-01
-1.180041114674890146e+00
1.636862843501752485e+00
-1.644290544750244720e+00
3.882172128315236614e-03
3.178165115390778062e-01
1.036164411235789840e-01
-8.427479115834576318e-01
-1.408043728423769014e+00
4.153321680271692129e-01
3.092170153313904546e-01
1.669923437330630644e+00
6.582542927719612358e-01
9.223517361027230299e-01
1.120320198717579041e+00
-3.956590635301114323e-01
-4.454569828477805693e-01
-1.294748410730822474e+00
-7.114651037895456387e-01
-2.162092228801284488e-01
-1.750565998991408523e-01
-7.560393112547963979e-02
-3.963487861535220924e-01
-1.435050396861358601e+00
-7.172813316423622965e-01
-8.442131058789251741e-01
-6.358427055537518857e-01
-1.378319292829448262e-01
7.020713629415956669e-01
-1.777882045497249264e+00
6.722562472357435093e-02
1.469334964969927215e-01
-1.796344571785364608e-01
-8.639881457063975922e-01
-1.292611876973855933e+00
-3.068347461052350345e-01
-3.946221802275400869e-01
-2.871875897036826331e-01
-3.912902213036644206e-01
-2.597017801118836067e-01
-2.159471232795748818e-01
2.073277052766643314e-01
8.068302755466072451e-01
-8.182838254087089203e-01
-1.160041640272305719e+00
-8.074579419121223900e-01
3.642964895691480631e-02
-2.908863888083260685e-01
-7.042158364441692964e-01
-2.225208077118739691e+00
5.451673541200419137e-01
-1.829168133023544307e+00
-9.066287014311591452e-02
-1.719202791929291596e+00
-6.084772160065553548e-01
9.986338648521830841e-02
-1.864678897255055645e+00
-6.506087918247211999e-01
1.305134855065562816e-01
-4.960903660550428085e-01
-4.669423002524791810e-01
-2.015914838294559974e+00
-7.184948456847615184e-01
-6.382330477347009090e-02
-5.288157203640748705e-01
1.488711389923733641e-01
-3.498078310873009578e-01
-1.379155930587169010e+00
-1.008175039609066515e+00
-2.094651400074394321e-01
-1.223414467640515424e+00
-2.148077159763186472e+00
-1.939939849408727213e+00
-1.114149622239968274e+00
-1.563424592402308910e+00
-1.876341084478759580e+00
-6.039113111381317900e-01
-6.758493623763944802e-01
-9.410417342661206996e-01
-1.248044376470571759e+00
4.048216052153026379e-01
-5.255033954022525489e-01
-2.089953569211601803e+00
8.351325942239795630e-02
-3.762913082881128579e-01
-8.146580445699241890e-01
-1.167972165979238586e-01
-5.001300007633495692e-01
-5.586390071087461440e-01
-3.155721107353835486e-01
-9.540481423221132129e-01
-1.003002142025123167e+00
-6.991103147099084758e-01
1.482243417384863649e-01
3.741974112412041475e-01
9.239997155720370836e-01
-3.023489710328995939e-01
-5.713313373981157017e-01
-9.693901137425855463e-01
-1.419431707795529185e+00
9.833991317653323350e-02
-5.090121223102711534e-01
-2.884361314376533425e-01
-6.743453164928704391e-01
2.435850377737216188e-01
2.686688859958633047e-02
9.936964667537762086e-02
-3.597671875783919893e-01
-3.887401946313789880e-01
3.854267075851630642e-01
3.962257015729419019e-01
-6.996603902649828344e-02
-1.374887946034178410e-01
-9.369957605541542195e-03
-6.011916390038274383e-01
1.379418583178946056e+00
5.156075881389327042e-01
-2.439749823699597364e+00
-1.352118024546772879e-01
1.386827208005451340e+00
-3.440777275195183171e-01
7.421804952651134268e-01
4.682501789197571762e-01
6.978316984765970954e-01
-8.046781785547445498e-01
-8.057527798459644952e-01
-7.995468421215992105e-01
9.612526579173029662e-01
6.324525889804473167e-01
-6.138370311815062319e-01
4.927012024936454626e-01
-5.125435440815062638e-01
1.176367260932397185e+00
-1.911301189271752410e-01
2.797316941001767865e-01
1.826082388962275482e+00
7.734101602175817991e-01
6.767974027967066375e-01
5.089275915098834258e-03
-1.036240576927227597e+00
8.031773336337154623e-01
5.470286645942150638e-01
6.222239361619006370e-01
-1.969792356523148991e-01
5.269442135975910269e-03
9.296658228012298908e-01
-4.135179519451658292e-01
-2.220771509174600533e-01
2.669237400322920784e-01
1.505446444254639804e+00
-1.143077570000635701e-01
-2.535013584495593442e-03
-2.129281788776549167e-01
2.390699573494867725e-01
2.927501657145059610e-02
9.199666348188011433e-01
1.937470689852985650e+00
7.697881221789656392e-01
1.643645344500890282e-01
1.513989477325072164e+00
2.955522039799853840e-01
3.823664647127515970e-01
5.621995371005499287e-01
4.783040527357530491e-01
6.788394579145312635e-01
8.705055161869634794e-02
3.157572657227468715e-01
1.230636074499134480e+00
1.275913342394163319e+00
1.160824356849249339e+00
1.527586743050277862e+00
1.017296925118685635e+00
1.313218887471620855e+00
1.387888251496378622e+00
1.927672094801986535e+00
2.442076505979600576e+00
5.984337629816537385e-01
1.696679195307220445e+00
1.182872306945713881e+00
1.570135170025844795e+00
1.954781237730191190e+00
7.834496123055068040e-01
-6.945726857591490999e-01
1.043216941617527649e+00
1.369572779069955892e+00
6.611184693333961304e-01
-3.451246997080688050e-01
-4.839126328313070324e-03
6.832383173580593994e-01
-1.428741496840431058e-01
3.431566866216275158e-01
5.145734333590634701e-02
5.310340733534009150e-01
6.608223600351279536e-01
-1.394133624493323897e-01
4.494068040886417537e-01
4.741617526428216212e-01
5.164631373896632072e-01
6.510497244480355494e-01
5.068858169449824702e-02
1.292192480356786133e+00
2.185291944677966391e+00
7.647890202212608290e-01
-1.029846016739959014e+00
1.825504860155773290e-01
5.784822337142485615e-01
1.437079286392185518e-01
2.676579084748770265e-01
3.318721814548368509e-02
-1.041136144757680571e-01
6.098798206657075616e-01
-1.090526076539673372e+00
6.765029804115243461e-01
6.780689988480632646e-01
-9.026632119808015997e-02
1.295320684055766280e+00
-3.170191669076615620e-02
-5.173319387391612789e-01
6.313446731038410698e-02
-3.228870164284308730e-01
1.252378915750504085e+00
-8.690110385931303361e-01
9.937848086818971138e-01
3.164533596394916160e-01
-3.600023960616158258e-01
-5.680382936717109921e-01
3.307496861756217821e-01
7.009161942299316217e-02
1.171948202398966077e-01
-1.184565180826629760e+00
-7.699167241071163126e-01
-2.360100637025688841e-01
1.397328410237556884e-01
7.986296491859257163e-01
9.985127072788566593e-01
6.411644572121284469e-01
-1.880277669358311754e-01
-2.385633630828747909e-01
1.149073642576933896e+00
1.452785591362249606e+00
1.338696751412592256e+00
8.141118595405085756e-01
-3.848718324376714239e-01
1.491567957106287423e+00
-1.258760475269199430e-01
4.935502317532764471e-01
1.116276483243508144e+00
8.294417215581638692e-01
1.212230440428282652e+00
2.904471904415370509e-01
5.814820317301474528e-01
1.491020658057088166e+00
1.507393332418897725e+00
2.079223567509081327e+00
2.479733570888198901e+00
-2.731326441048831377e-02
1.807467037040219715e+00
9.772044640119192938e-01
1.030711149198704657e+00
1.154018325140866441e-01
1.248218026013306670e+00
9.782031667120913987e-01
1.910830965465163622e+00
7.530999093038123204e-01
1.398266736564850676e+00
1.049611226512404905e+00
9.461152819907333589e-01
2.558268627509584503e-01
2.122302101251347217e+00
7.711524513445285889e-01
8.289648403746425753e-01
1.308217715111416712e+00
-2.322139520365554821e-01
1.761398217214271256e+00
-1.321783233287110448e-02
6.647017650343401973e-01
6.405172756865018524e-01
6.029227909067986779e-01
2.025059767204725691e+00
7.961747427019437717e-01
1.485746667169591140e+00
1.758073589339378184e+00
2.175417683509063060e+00
3.935124021846301279e-01
9.382555294216696762e-01
3.066108698587199921e-02
-7.975769584978320559e-02
6.479322656949593195e-01
5.024444115548084566e-01
2.226608166350701468e-01
2.087521977204421786e-01
-2.416697820827043985e-01
-4.125973441230928462e-01
5.916192702469966758e-01
9.086841746021672162e-01
-3.318911156193748990e-01
5.290529634883062160e-01
-8.627145939543695574e-01
2.088987255435775570e+00
4.796273982850944861e-01
1.537551055125584210e+00
-5.699987847259307960e-01
6.247370335517483664e-01
1.689531589576046322e+00
-1.025884219338033532e+00
-2.746365018664945756e-01
2.738744075543151912e-01
-2.760706095926063197e-01
2.173942478546742052e-02
6.631316589792243810e-02
1.111370393136668633e-01
1.162629082106409140e+00
-9.810172968038517460e-01
9.866870494514555501e-02
-5.310997982324604516e-01
8.846719380326171223e-01
8.408801930202455255e-01
-2.956708071880280730e-01
2.324044126073003813e+00
-4.150955858940171828e-01
-5.891533969215423383e-01
5.450933157943352314e-02
-8.713750544463528813e-01
-5.357184960770915438e-01
3.237515795505018779e-01
-7.677821715109622858e-01
2.071493170951333729e-01
2.542167233327028431e-01
6.425379335094523192e-01
1.138327007104644739e-02
1.280562792391598537e+00
-3.422300960965869998e-01
-6.227364625596675252e-01
-7.255771764936690404e-01
-1.103802444843004604e+00
6.853853223437093023e-01
1.227160726517968259e+00
3.000836452608840466e-02
8.975086391227247162e-01
1.422781226485962502e+00
1.613922464338884977e-01
4.876610246010448235e-01
6.554435318356132134e-01
2.666681081406947484e-01
8.248312042353656004e-01
9.550890503999631687e-01
1.675677480930044538e+00
2.317689415558537580e-01
1.133777617069429144e+00
5.672767513133922801e-01
4.860959989445197138e-01
-2.435983829905268294e-01
1.230020125783273244e+00
1.645804334007678449e+00
1.087607100868848820e+00
3.916400374271692408e-01
1.095622498403851841e+00
-1.123893988940408040e+00
1.525381837683174924e+00
1.849425125759803334e+00
1.110133658653762456e+00
2.169181103270599209e+00
3.778492487986646609e-01
1.001184869420929546e+00
8.785083085287880289e-01
1.782013088384663657e+00
5.394855286200372912e-01
3.275808942627785880e-01
2.153719131458854186e+00
-3.031727303613984681e-02
1.937789172192791121e+00
1.098512251042973009e+00
1.324585337490291614e-02
1.653076293630151739e+00
1.318730622327534574e+00
9.346458663351076002e-01
4.599463476632386638e-01
9.626049406968451017e-01
-3.633973825138494540e-01
8.226152846397382090e-01
9.543959458655142392e-01
7.854389868147082510e-01
9.774301031339416301e-02
1.914942067991598496e+00
1.534347083518931010e+00
1.427712646252490725e+00
8.277407169269944687e-01
3.316606060345695939e-01
3.872697361852273090e-02
-8.333349480385554564e-02
1.599907081454270852e+00
2.995053758560142221e-01
2.101070408420448121e+00
2.401667892039779373e-01
4.818262308489945633e-01
3.188951013224247122e-01
1.071993249801436399e+00
-1.297278144937197286e+00
1.300931175371342174e+00
9.214206433624185788e-01
9.661562560477121586e-01
-2.806272430003413643e-01
5.538433612768495218e-01
-2.353338197463423209e-01
1.408940585752691543e-01
-5.300281245182849599e-01
6.071849105143243275e-01
1.027445135393481035e+00
4.636075472876444725e-01
1.122460475037962979e+00
2.348654718602371627e+00
4.269891380553331728e-01
4.016329672528596850e-01
6.637855475593112953e-02
7.680498672891959977e-01
-2.710476846291275943e-01
6.619820811761019386e-02
8.043751767379638817e-01
8.984997977569948446e-01
-7.291070423951176993e-01
6.943842219655385062e-01
-9.436876358201368165e-03
5.346271221585450206e-01
-4.664405871947819304e-01
8.896478982049791373e-01
-1.089761052438491751e+00
-2.078195200373509910e-01
-7.947668196750323766e-02
9.646040512957985147e-01
-1.006386522233169600e+00
1.455412120267456144e+00
-3.190264119358262040e-01
-2.062006074682598555e-03
-1.822847870810166970e-01
-3.640922033066602559e-01
6.754236201616693469e-01
3.294512577338204462e-03
1.584941581849726444e-01
-4.736924135874188702e-01
3.283126167928193118e-01
-2.970061073022937093e-01
-4.010142879527324178e-01
-9.293743224349779730e-01
6.622171062675030750e-02
5.253175333063168084e-01
1.384000872846649965e+00
1.698514519511221899e+00
9.800987257802274977e-01
9.401254498970736950e-01
1.116111825993676865e+00
1.201860505203370622e+00
1.671967240127416598e+00
9.132379621184526508e-01
1.104731838484552586e+00
4.281736723830625313e-01
-1.770902237499480947e-01
4.455489652381961485e-01
1.583393730988401416e+00
3.624967750675517353e-01
1.794234062482375602e+00
1.456940198489455440e+00
1.776698669137504405e+00
1.120069156990134207e+00
1.425236338748300469e+00
6.572420222410781943e-01
1.186174447479573235e-01
3.774281537260570918e-01
-8.105988650368645132e-02
1.813808236120831197e+00
3.107673796557609558e-01
1.246469217388670669e+00
2.095425850107122123e+00
5.671422861361958834e-01
5.286131497278376834e-01
1.714787550399957450e+00
9.284218137068566135e-01
4.314236937058379961e-02
3.051175424558277838e-01
-8.044808709126811674e-01
3.339141495108094992e-01
9.782900169504298304e-01
3.145767180681691144e-02
6.364108174633267279e-01
4.115567509726459905e-01
-1.849849945009900409e-01
5.859957189755071738e-01
-1.401624162609359514e-01
4.796043730441734709e-03
-2.707297624991948926e-01
1.650493869893008947e+00
1.470880281826927760e+00
1.604384750922001723e+00
1.766273093677074302e-01
4.580042212737891472e-01
-2.158312893386692966e-01
4.044175376741698802e-01
9.961947014595793348e-01
8.930927528736443133e-02
1.327737723029822181e+00
5.646089258023820889e-01
-1.004133599920936648e-01
7.586033468185291451e-01
5.935278951928951718e-01
-1.259805506133276909e-02
2.537006524782463579e-01
1.002342824126305931e+00
1.120449515470578472e-02
-4.934273608036099379e-01
-5.168729978453401319e-01
7.742762765579347395e-02
1.396492546663151701e+00
5.497162185027135717e-01
7.602799486359230752e-01
4.997090351194523605e-01
7.491700598423961521e-01
-6.190056425269739870e-01
-6.516117857020712334e-01
4.365010072081293435e-01
1.357821269081442572e-01
5.866961348320118841e-01
1.187946443066655089e+00
-1.932663362522473172e-01
4.611611786676353408e-02
-2.788698286249220448e-01
8.239511028152395333e-01
1.210339229105698244e+00
4.829070580569208015e-01
-8.598603558256892043e-01
9.173273700167992040e-01
5.919560493240303423e-01
2.249553340974862481e-01
-9.542045642669177985e-02
1.634583121430770891e+00
4.031683653248332444e-01
-3.826268670315680076e-01
-1.622410380392837470e-01
4.462343326317633196e-01
1.208884755540254652e+00
-2.125664867177222694e-01
1.295923971159439247e+00
-8.630423390407813145e-01
1.069176376843545828e+00
1.368699692143454882e+00
6.196534277764101928e-01
1.683144677327926608e+00
3.176711771660101213e-01
9.439530239096569630e-01
1.064264275241069591e+00
3.646314930982251790e-01
8.524131001378554284e-02
8.425261802734244077e-01
2.152028299653959698e-01
4.992657688863890164e-01
5.358553362629761008e-01
8.159092909828212781e-01
7.651634439532026821e-01
1.659135368924815612e+00
1.426880780523134273e+00
7.458890814817463744e-01
3.460775988617921239e-01
5.235593733927689231e-01
1.065927320939198841e+00
7.160489901455422412e-01
2.278258098336427118e+00
4.515654897055159100e-01
1.383833590006970038e+00
1.174511626109885132e+00
-6.179717987578079441e-01
7.628430935331631524e-01
7.641807540898433171e-01
-1.593401887925575133e-01
7.469166528577166897e-01
1.164791663482950712e+00
1.395961410757791121e-01
-1.747080299744241394e-01
8.164337721029958361e-01
1.302296793632495397e+00
9.500855561393402038e-01
1.168058374703030866e+00
3.821069868020022242e-01
1.058629269275645601e+00
1.797974941236075708e+00
5.308790023750625808e-01
-2.702332972383149068e-01
9.481493662662604516e-01
-2.230950341102843071e-01
5.716783360587761598e-01
3.378331872262344548e-01
1.827911424071000934e-01
1.031086108959465619e+00
6.601009954889810460e-01
-4.504204514231954226e-01
7.406037855768241585e-01
4.344430921610035190e-01
-6.754669513828492899e-01
3.182141623528789709e-01
3.741345864032347701e-01
-6.977588573592580223e-02
9.676698889222192790e-01
8.025061390107572912e-01
-6.051760183504939494e-01
5.516186427693736682e-01
1.322058674866895434e+00
3.505489512926193152e-01
1.271961584127490497e+00
1.589191739812231552e-01
-7.745810469049946301e-02
-4.472899135311906305e-01
6.174077267393334179e-01
5.311586222026380977e-01
1.611803804746869684e+00
6.809191849589520951e-01
-5.379732814744349334e-02
-7.652610678385682319e-02
6.325294217631109994e-01
-6.851730850543019669e-01
-2.302942585652656693e-01
-1.263036724767179431e+00
8.342595569569557501e-01
-4.648378807294636372e-01
1.057161450515610612e+00
9.498161808193665845e-01
2.828484856413944204e-01
-1.065733290880681583e+00
-8.534167013339051255e-01
4.407049916031263725e-01
8.901776525207070190e-01
-1.091515834791966455e+00
5.646063399319376508e-01
4.991310686306260624e-03
4.683990405012662395e-01
2.975760220986096161e-01
1.147386912369332546e+00
2.077712344289217028e-01
1.409703592917026072e+00
-1.575721254251807868e-01
-6.311259511240763231e-01
-2.587108154680384797e-01
1.452537832901458881e+00
1.115208492258516593e+00
5.556221707659129150e-01
-1.993897648439085790e-01
9.397310590163470145e-01
1.223820164233831331e+00
1.318570381988349194e+00
1.210988881342033752e+00
6.434603954002515724e-01
3.916298454596810474e-01
2.562210370796655923e-01
5.315581177210542130e-01
1.840935768842224318e+00
-2.133262234794733869e-01
1.598808946446664603e+00
1.389314651106858811e+00
5.814060914187610951e-01
6.199500752730658926e-01
6.453835006818278153e-01
1.822792561386192611e+00
-2.486283323681751645e-01
1.308176817325485075e+00
1.385173694272714418e+00
-3.005529220925124978e-01
1.590393640003222364e+00
2.057957831385648362e+00
1.058596369142732696e+00
9.583472812125168883e-01
1.319381261863863397e+00
7.459339586311509729e-01
1.812795591954065255e+00
6.098656240504878312e-01
1.709746927627019408e+00
9.711411257109316963e-01
1.627573355582296877e+00
1.604380617389138841e+00
9.883082913393350655e-01
1.468272154640434923e+00
1.394118563106901965e-01
1.672994468497660092e+00
1.261984859778447987e+00
2.153944113842035657e-01
4.966470661827572242e-01
1.092812681587641777e+00
6.974956575753400445e-01
-1.867757776168175177e-01
7.326382624103012775e-01
2.192560309265379481e-01
1.220917671217817690e-01
7.256577488905874285e-01
8.695399943477477578e-01
4.652667567496996948e-01
1.125129142808303673e+00
5.855259715467386883e-01
3.435204658160668778e-01
5.444768590432330635e-01
1.249323439128618984e-01
1.367770300139233619e+00
8.695424190315195201e-01
-5.153638172043606414e-02
5.984475477709068070e-01
3.666644672365683699e-01
-1.189065722215427723e-01
-2.045252726101688956e-01
-2.746678628321344018e-01
-5.184125575895749405e-01
1.082567595113416825e+00
2.845098186667059936e-01
-9.266508213228014101e-02
3.834077106843264415e-01
5.238050920077320927e-02
-1.674977847590952140e-01
-4.615128805364737685e-01
4.109672929197769747e-02
-1.640704163362796952e-01
1.765865532941431060e-01
-4.481815795391467794e-01
-1.025121282293035119e+00
-1.005910072680753276e+00
-7.755868157325684908e-01
6.673031956346832105e-01
2.943172221517483811e-01
6.530727080304377097e-02
8.321995773128733065e-01
1.207518588777298563e+00
1.079092574399300286e+00
8.020968862211228512e-01
4.313446538148216769e-01
-4.229489361917505574e-01
5.993300704033954762e-02
-2.858009774191699881e-01
1.272971205019535201e-01
-3.496859477375930392e-01
7.955762160110768644e-01
-3.657118675892493398e-01
-1.195102401527719849e+00
6.256906286206005419e-01
-4.095296273389762987e-01
1.424972241683090668e-01
9.654801723870329866e-01
5.998864892435985530e-01
9.179264007369640765e-01
-2.701343702033985883e-01
1.847790431253759635e-02
4.641499072378895141e-01
2.177130319931966262e+00
6.240000364375266617e-01
1.362720989712940867e+00
4.006746599643501439e-01
1.188628950888392044e+00
3.475163876988178746e-01
8.388571818743846276e-01
2.658054646232221874e-02
-8.224821924471796830e-01
7.829610610901243106e-01
-6.985407198129542916e-01
2.147488747243369467e+00
9.900211458327139447e-01
9.992318259229243660e-01
6.275998595590400742e-01
3.586623677226012941e-01
4.257647411531538806e-01
2.374132029472070249e-01
1.884045622889688687e+00
1.614765964509542240e+00
9.591839949204116200e-01
1.318071073376058999e+00
1.780092731574175247e+00
1.396846131938963564e-01
5.191968759131349032e-01
1.813142980305282981e+00
5.748964008742341036e-01
-2.964212766605646143e-01
1.447758675850875587e+00
2.086930291156673389e-01
1.063562427779845221e+00
4.878321253830001369e-01
1.418768420354233895e+00
7.022380367473357587e-01
2.527462130822004660e-01
5.511611694404556783e-01
1.529112001440749546e+00
-8.498798215482004093e-01
1.968456892393766755e-01
1.047264594404073268e+00
1.326657369472263870e+00
-2.014171930573946945e-01
-3.552196118709499695e-01
9.512104427987841948e-01
1.576900921563882285e+00
1.184416014970863240e-01
6.115068180456867397e-01
2.391345298934279273e-01
8.668863923700982355e-01
1.629927874105311592e+00
9.319286643735806841e-01
1.312703235273264601e+00
-2.991679877779923613e-01
9.059552779296520253e-01
1.060354709941235818e+00
1.440472441967220463e-01
-2.942622166783558924e-01
2.194078788316483841e+00
2.380773770996554850e-01
-3.669386382833943472e-01
-1.365599508788270855e+00
-9.706350887071570899e-01
-6.308779852026580315e-01
-4.706708841147846933e-02
8.342018383085362254e-01
3.027574225126203333e-01
-1.144179483429328847e+00
-9.503806851659232224e-01
5.320513073842834117e-01
-4.481606048381267526e-01
2.063421229524242673e-03
3.797257057916908485e-02
-3.861178151134924130e-01
2.843695763946191626e-02
1.704208777356919224e+00
1.391914679262668875e+00
1.005094175141697965e+00
1.014100363943989114e-01
1.225531936553180046e+00
6.947499885429299082e-01
4.696395898182221806e-01
2.243273532600777997e-01
-1.041936058615607896e+00
-1.521628525339395188e-01
7.129161547042914826e-01
-5.349885972023653569e-01
-4.069111592519182863e-01
6.508569768521714760e-01
7.171909089449645114e-01
8.087009965444666992e-01
4.310098738918186068e-01
-1.809474211687728262e-01
2.998009265278479551e-01
1.836773697629703994e+00
-1.330015898326797896e-01
1.512599066964578576e+00
-8.163494223234712965e-01
-9.339122736710936401e-02
8.099951802282340241e-02
3.224178450429812104e-01
-3.112626178359556572e-02
1.003405595417844687e+00
1.204609427042324654e-02
-1.529657506874979589e-01
-1.249784240177288730e+00
2.277346394254628481e-01
3.640867894836574137e-01
5.355153043575376914e-01
1.318772596808623465e+00
3.922316300428200231e-01
5.240189814522701051e-01
1.164101704568728746e+00
1.042059756303617579e+00
1.490752149594746889e+00
9.945599966342300036e-01
1.250145121143313220e+00
-8.788106197963962973e-02
1.119552749636475442e+00
9.346380824469235904e-02
1.175899091758498383e+00
4.349895710453732800e-02
1.536960845813493792e+00
2.354132666574442201e-01
1.909076928621907809e+00
9.818024395221072176e-01
1.513070204228691207e+00
7.966837254258872791e-01
1.191152934014749976e+00
1.378955590941262743e+00
5.485307477259091513e-01
2.438090674742502184e+00
5.508045102222147715e-01
2.759956659115039290e+00
9.084012539790183860e-01
2.111873312213072840e-01
1.345300330500764918e+00
-1.658574869838957966e-01
9.260332172673202411e-01
-6.521503003103504836e-01
1.355913990112970202e+00
-1.513704206923234263e-01
4.853730482105536037e-01
2.741699510401651718e-02
-3.267831788090569400e-01
1.926443374497461281e-01
6.578874000420515955e-01
6.314468228175419418e-01
5.770847033698029982e-01
-2.905790978631307420e-01
5.426294235179115466e-01
-9.092076074978422406e-02
3.365237189603187407e-03
1.821445697627382287e+00
-8.788999093907734483e-02
-5.215325569848966447e-02
5.041185097234728296e-01
-9.341974568465993833e-02
7.450281723597087513e-01
-5.506647341653330141e-01
3.226474059967425756e-01
1.937484595196822534e-01
1.045223243006285996e+00
-6.662650832672483148e-01
4.152336912457763596e-01
-1.405966201700317608e+00
2.596804689592607795e-01
1.762488024499444084e+00
-5.567338527787293878e-02
-1.360348548961800352e+00
8.935849457358617798e-01
9.454830783294726482e-01
-6.948052803441324698e-01
-1.712122797097987981e-01
-4.165413682103324272e-02
1.080340775897704386e+00
-4.166123849494426934e-03
-3.776172698930400085e-01
8.121642068203970277e-01
-2.927774137949541999e-01
-3.256269760561328885e-01
6.733547729526297987e-01
5.151808795271799468e-01
4.866055547887808697e-01
5.313427775958960986e-01
1.131615907432701462e+00
-8.380078917188218401e-01
-7.225455348690372759e-01
1.193992320172649613e-01
1.011592486782453948e+00
-4.333947358333506417e-01
1.479566034510801376e-01
-3.459353462538901081e-01
1.300954917503567954e+00
-3.401669962628778854e-01
-6.488739640191769631e-01
-4.517958685224648940e-01
4.455270371073716262e-02
1.959355896157706778e-01
-3.807279966445175079e-01
9.756769000833325212e-01
2.650370012403362452e-01
7.870257903308508496e-02
1.317077131493309405e-01
1.139113090389261451e+00
1.588401583964403230e+00
3.194845959775834965e-01
5.997285662404493456e-01
-2.832881118551455746e-01
2.026880873615476419e-01
1.310839405962715976e+00
1.438110916306157616e+00
1.286344853574159064e+00
1.191060424486463543e+00
1.261862076903301766e+00
1.409454334776210516e+00
-3.241121419405043058e-01
1.414163673730429949e+00
4.708978197445167213e-01
1.161542928227256022e+00
8.142840924582626094e-01
1.649441513897084821e+00
2.371740461654664456e-01
5.988095916567421906e-01
9.408797563799848884e-01
1.873113516364375286e+00
2.528179657958436799e+00
3.370998054840231850e-01
1.205630329835416736e+00
8.801604694305311671e-01
1.322136495922126675e+00
1.188943177784351102e+00
7.530454167997452375e-01
3.894194075275960731e-01
5.511286844456809719e-01
-8.847075288480166222e-02
5.001199983057520448e-01
8.722848532523402865e-01
2.277008118759588640e-01
3.687081021578257900e-01
7.005287913782668463e-01
9.525306377132908286e-01
2.497984768641958730e-01
1.389815067083245648e+00
1.538446588790481018e+00
9.533656133760340934e-01
6.793776557828946627e-01
2.873792748492691174e-01
1.402645161519093353e+00
1.272076844691231834e+00
1.997982435181455130e-01
2.120313201235549949e-01
-7.461245318762903533e-01
6.659938674481367116e-01
-6.909159413130886440e-01
1.802116998010010018e+00
-2.792079535894803621e-02
7.724086322213097322e-01
2.697933633915339802e-01
-5.152159873766558595e-01
2.990949379953111165e-01
7.616895158463353743e-01
7.610848632916309420e-01
-1.403670058270884091e+00
-1.294442944481672519e+00
1.346934837593165124e+00
2.113902773805929058e-01
1.206234282866207319e-02
1.116633317183631791e-01
4.037432551561082050e-01
-2.370137110479871301e-01
3.871723912056375116e-01
4.591975777365862044e-01
-7.594652679761509928e-01
7.195986701178204159e-01
6.339302271828761715e-01
-1.402037942245613955e+00
-4.551422450739806003e-04
-1.907239236563801899e-01
1.160737490070312905e+00
-4.044506880105593893e-01
-1.201416550796734040e+00
-4.286291805726664683e-01
1.069801725249727831e+00
8.904755572932228080e-01
4.735319252136771517e-01
4.041641389168731946e-01
7.879738280490594660e-01
4.485194568938228876e-01
1.666524168472010237e+00
6.155715933026221220e-01
3.420248224313104379e-01
1.793205872037908932e+00
-5.145026736153721636e-01
6.473462355655879019e-01
2.045878159730632473e-01
-4.996391414136331921e-01
9.269951235311209015e-01
-2.436522871059587647e-02
7.741148668947901434e-01
1.151428119073843792e+00
3.885426785700895613e-01
2.215149012127516914e-01
1.118320583981365912e-01
1.576997818470420532e+00
1.304534258523440959e+00
4.600993712375250899e-01
2.907140884497241839e-01
4.460790065617243338e-01
5.686316051751429956e-01
-1.416443569131299318e-01
1.459063283751533824e+00
8.998808773848778753e-01
1.133353762023352029e+00
7.672313189325180582e-01
1.054594322215129720e+00
9.318281847697293951e-01
1.315426639566705580e+00
2.017551730578729607e+00
1.309533281405596439e+00
4.663369335722697961e-01
1.089032082921765898e-01
2.485193961578513466e-01
2.517587041940550385e+00
8.296314188534836820e-02
2.090910673343548076e+00
2.975474358749768955e-01
1.103017278594463635e+00
8.233471015704254548e-01
5.331683202906506436e-01
1.425787181734061493e+00
1.502350709290596331e+00
1.192103768425345267e+00
1.243302232387594186e+00
1.151970707558036766e+00
1.034024444225599471e+00
1.043895842477499780e+00
3.317277667191156909e-01
8.773230774176286051e-01
7.991278126954892702e-02
6.140585482611210510e-01
2.485382460392794313e-01
2.968100195794561857e-01
1.288816719435584623e+00
3.583800589049092600e-01
-9.342988454934018083e-01
1.172173901915028571e+00
7.695080224856053475e-01
9.143315304892071227e-01
5.050411346635754750e-01
1.695515841832032633e-01
1.932047244220174154e-01
1.736576260665250726e-01
2.039856132077602913e-01
-1.365621903057984143e-01
1.104970167969402173e+00
5.104560998432592367e-01
1.478271187243775708e+00
7.862139592914987318e-01
7.029466023047559187e-01
-1.577138890430743512e+00
3.394942806055494255e-01
1.406210046597053509e+00
-3.767633063281937145e-01
-1.177701184610992380e+00
1.953427293800941156e-02
3.740539189217956251e-01
4.715107551914025086e-01
5.285435654132882854e-01
3.931592615999344731e-01
-1.504055802190061852e-01
4.267539597777557647e-01
-8.875825503250901471e-01
2.458281290967031518e-01
4.557197402068796088e-01
1.049428796232727112e+00
-2.785458365613588949e-01
-2.143219310925583154e-01
-5.789852052400994431e-01
-1.812570619692810636e+00
5.659780913415821679e-01
6.353122128841424132e-01
1.198991170193373756e+00
7.891093388741079462e-01
2.715578433042956652e-01
4.727627110876791439e-01
5.556549263876017219e-01
4.446654744770257572e-01
1.273037083150451165e-01
4.319597867378666134e-01
1.732354082745464652e+00
1.062038245876475440e+00
1.111093804703201515e+00
9.395822052752488274e-01
9.411786309360374858e-01
8.343160348557961958e-01
2.589088659211051358e+00
1.123494948633015689e+00
1.124448384328220030e+00
1.499491412252687006e+00
1.217647221288125303e+00
1.183372966723294617e+00
2.129233934638765646e+00
3.849275671567635726e-01
8.702693708145543550e-01
2.093704054111425350e+00
2.382696998111170750e+00
1.203496803157840134e+00
1.663889700744791922e+00
1.587117812158742591e+00
3.294998715515248922e+00
9.982888959109964544e-01
1.875326321785333317e+00
1.113666400785224164e+00
-3.525426771209898558e-01
1.594263536221361965e+00
1.523196644479794859e+00
2.320162926106371426e+00
3.307630568203834276e-01
2.111253571980498567e+00
1.904907462189655565e+00
2.136340472691652170e+00
1.697350021144559129e+00
1.205793912678521984e+00
1.827056726235324335e+00
3.004888573137645125e+00
2.617313132324251335e+00
2.361062085303559321e+00
2.359331104731618556e+00
2.517227578551592071e+00
8.152276470717142454e-01
2.555874078606544586e+00
1.241452106916737685e+00
2.190374332510680144e+00
2.614964013516392072e+00
7.068042128588808426e-01
7.195476555754909409e-01
4.582987451168651916e-02
1.907404725312555005e+00
2.871708062940341755e+00
1.645852172481125919e+00
1.251735276372386574e+00
1.142632554467144512e+00
1.868306568662251976e+00
3.043988770244473230e+00
5.927303512307928735e-01
1.562218830310831974e+00
1.393515828394036982e+00
1.491744781312095869e+00
2.444426910046533230e-01
5.741220838182081732e-01
1.253077854000484992e+00
3.752562378639813234e-01
-8.952603712496376431e-02
1.329489220345017930e+00
1.635386860954672894e+00
1.126750568978989175e+00
1.055335129675873507e+00
-4.085772116004765531e-01
1.204349035650185584e+00
1.394044136783713750e+00
-9.125100348228931679e-02
-6.324437649356928759e-01
3.797635020353684054e-01
-4.720918290766313863e-01
2.640724674939006755e-01
1.197462336116070225e-01
4.675219427614555334e-01
-8.062397554209288497e-01
1.059934531305419148e+00
4.095533354813160054e-01
-7.221652274481489553e-02
2.958793291209078635e-01
5.670450201546852753e-01
-1.889241927684165434e+00
-6.582560171948373950e-01
3.927723232925008912e-01
2.524985368236781769e-01
-1.599678758134239209e-01
2.317974676064080419e-01
-2.011253270889379885e-01
6.897770924749266896e-01
-7.109233448742545702e-01
-3.504157235995414843e-01
1.188088019778067217e+00
2.486461290534240920e-01
6.315614028050858808e-02
4.354696802350844775e-01
3.201679413287292220e-01
2.034210832160374682e+00
8.183450784153711854e-01
6.495528552799589850e-01
5.221648708977791875e-01
1.151067357185992179e+00
-1.764369100619461728e-01
4.641657082870923601e-01
1.155500431155379371e+00
1.059248800780059341e+00
5.721695102473810524e-01
1.414712218059576365e+00
7.268202271919441682e-01
1.496490455273913334e-02
1.624659547262492953e+00
7.597602373407326137e-01
1.285280855246353049e+00
2.009686134029531335e+00
1.776362425863402983e+00
1.565252208422097890e+00
1.757624294541621168e+00
1.713511569738896956e+00
2.233017251046849339e+00
1.980180514819410487e+00
2.493642928073466436e+00
1.749725346008606630e+00
1.260740475779416059e+00
1.287760232164264496e+00
1.845789851350722266e+00
1.425758588229484314e-01
1.743141775373247437e+00
5.940977322285481144e-01
1.012653442470725196e+00
2.190006910762340109e+00
2.625280346279144972e+00
1.762215790361570722e+00
1.629899683992384274e+00
1.401059714564548919e+00
8.836844437962043664e-01
1.703761314429166562e+00
1.787531493880700761e+00
2.897080127301494112e+00
1.320040828769248220e+00
1.736770981724453877e+00
2.685861567082687973e+00
2.165635837469389813e+00
2.262589590177550569e+00
1.368021927796753578e+00
1.765514124499425463e+00
8.314886142668704849e-01
1.729276585267463195e+00
6.894121249464358892e-01
1.292657727680680546e+00
1.603731710987994274e+00
9.584551369722025260e-01
1.068428708470145594e+00
1.279277349436321209e+00
8.495693839785154466e-01
8.329662395579959799e-01
2.143183919510274649e+00
9.833179317584456181e-01
2.095193984345427474e+00
-4.233887376639543509e-01
5.572434267470611768e-01
6.459947667835874707e-01
1.553581341299027807e+00
3.518399294751126671e-01
1.168145259418455595e+00
1.244337044073233756e-01
1.126982678610163324e-01
-7.827793977078115750e-01
-4.098765593803483931e-01
-4.540546364653460509e-01
1.348284716667638605e+00
1.081523297576591380e+00
-1.282190306598240959e+00
1.640185514099348207e+00
8.344869000649912660e-01
1.529591323799772473e+00
1.070298276604507937e+00
-4.313613276273892128e-02
-4.743643064451062985e-01
4.937856746331198421e-01
-2.701161939396862777e-01
-4.708970751689948719e-01
-7.024480531716200682e-01
7.045334707584673117e-02
8.298952955957991096e-01
-2.502802992274730798e-01
-3.939665742136048698e-01
-1.378119487384870112e-01
2.535735731250259306e-01
1.217866385105587534e+00
5.016836606690083800e-01
2.191500893471897138e-01
2.332463164598325145e-02
3.884015715706347072e-01
-1.540646373921661372e-02
1.820724553269808532e-01
1.019931138560054462e+00
-4.364220093019665070e-01
1.856507908032404508e+00
1.117351814502722140e+00
1.144192217350236795e+00
2.423242672661059416e+00
4.669935185003644684e-01
1.257057209827472155e+00
1.891125303527214641e+00
1.380148355585331332e+00
4.625206819987102147e-01
1.104350450840542175e-01
-5.016548954813049299e-02
6.519741689390790018e-01
1.844429715294974015e+00
1.645764503101783349e+00
9.271220488920626224e-01
1.414220151572220807e+00
1.811616531352159498e+00
1.103142180704473896e+00
1.782570185584309241e+00
1.564883313729009906e+00
-2.012110654324175130e-01
3.286361926996271166e+00
9.215761073405300818e-01
1.923828034435099532e+00
1.183033673989214662e+00
1.841656044802407299e+00
1.547126975914585811e+00
1.304530360856824167e+00
1.586775292198896459e+00
8.201972804942871953e-01
1.763632143664138230e+00
2.206233223979350733e+00
2.028169539708978064e+00
2.729073891576918598e+00
2.494455797853780243e+00
1.650192301339905576e+00
2.598527699109565159e+00
2.000330841595967968e+00
3.000288487189117337e+00
1.628851601925006554e+00
1.213126530377060419e+00
2.418829540456433946e+00
1.029708762624575336e+00
2.074891229121323732e+00
1.491497360460803945e+00
1.926716500597427384e-01
2.992388566016173534e+00
1.501550629063165054e+00
1.637425406970255848e+00
1.502715176054438606e+00
7.694975741621301601e-01
2.357505170386519744e+00
5.003894542950748647e-01
6.678596171944597426e-01
1.414241979652195447e+00
1.897875540840856523e+00
9.528249822974368399e-01
9.194929738886385984e-01
9.751668961487999221e-01
1.052647694448916038e-01
2.067557924131937064e+00
1.047170369607307805e+00
1.170644584553981460e+00
6.977200479659938503e-01
1.954159991867893353e+00
1.037064453365728500e+00
7.876380795836582793e-01
1.614499773958487649e-01
9.899274057593558940e-01
1.301537367665876577e+00
-4.183927946380052720e-01
6.001382436030581191e-01
-5.295045832336289227e-01
1.185187523403094190e+00
9.377127927819010056e-01
-4.492090476878152216e-01
8.291235526892601904e-01
-8.482928783425258690e-02
4.944346441101191147e-02
9.283211547791176965e-01
7.662995553328048881e-02
-4.064270289606694009e-01
2.368745738735771045e-02
3.794754162128883279e-01
5.063774307267793207e-01
6.662348073114504610e-01
-5.556515450573944470e-01
1.130885431503167560e+00
1.143597381455838446e+00
-4.659073268085983655e-01
9.294284997206544996e-02
-4.150384013688461216e-01
5.300103931762727427e-01
1.561228550905036538e+00
-1.373184936303524228e+00
1.145268968957296574e+00
4.540733226743964845e-01
2.765961318007387759e-01
8.081548749490032879e-01
5.160719545048927381e-01
-7.244822162992966552e-01
1.079698852301294254e+00
5.697095408629700986e-01
1.937444488111135232e+00
-4.949633629709943028e-01
1.301786714779325393e+00
2.910318650341247038e-01
1.554075946836140254e+00
4.130321884905701069e-01
7.983863672310305137e-01
1.040508563739161341e+00
2.501546247655053179e+00
2.571828588543521477e+00
1.158106225413302104e+00
4.767188144255806170e-01
6.023307242190338862e-01
1.512196619715379775e+00
1.302322651892826366e+00
2.522938287498282861e+00
2.111351307125014287e+00
6.157786493765904368e-01
2.043804048830072606e+00
1.591220608439561923e+00
8.741153878954002199e-01
1.612636386524709309e+00
1.397766327867769887e+00
1.353520371664184818e+00
1.535290971767146129e+00
2.690768535291918617e-01
2.255008845661228722e+00
1.595638897816070711e+00
8.777458152004218306e-01
2.872478567915302428e+00
2.291635783985960018e+00
9.127773722324290517e-01
1.622811692312877030e+00
2.514577378324742263e+00
1.770879304360926998e+00
2.807866556002163616e+00
1.849193907045539431e+00
2.432347606301315412e+00
3.110695848904926564e+00
1.208950363486712254e+00
1.102332007443107553e+00
1.387158730976838727e+00
7.967685500448639102e-01
1.906116612676227007e+00
9.203032623675229118e-01
1.578607912924381296e+00
1.238803110390316764e+00
4.569977001737662858e-01
9.432370819507432946e-01
4.188857573182117600e-01
1.600554120076078668e+00
1.514005513836865768e+00
9.490503167675259366e-01
5.780517785197333280e-01
1.144600237882428928e+00
5.775772353150949723e-01
2.233716967238073003e+00
1.449329230104090094e+00
1.465458336876873435e+00
8.507720495071721123e-01
7.552639168486234844e-01
1.842859990687315763e+00
8.397861558448426189e-01
1.982635845527494611e+00
8.711916562634556271e-01
3.904018473271896328e-01
-1.655895683249919426e-02
1.192749404024378901e+00
8.559513289937071834e-01
-2.842296999220507159e-01
1.394738286614956024e+00
7.236048130613679241e-01
3.933989824065209917e-01
4.053766208836908636e-01
-3.053653672084412074e-01
-1.323833098667052122e+00
4.864171183849490543e-01
-5.564751354839574393e-01
2.222928228665562167e-01
1.693243117239325413e+00
3.544113726494350636e-01
-6.744265253737958821e-01
-8.142377279044371585e-01
9.187443917482526201e-01
3.589608621307410208e-01
-2.778681168916899424e-02
-1.335201676137201643e+00
1.803048460278181775e+00
-6.444794453870326123e-01
1.352057631904155954e+00
3.273903104192663616e-01
3.099890546892442034e-01
-1.809569588296771059e-01
1.230066466599478714e-01
1.717612177865677214e+00
2.694734418465433157e-01
3.687011798547967234e-01
1.593533503042162014e+00
1.718696887793586203e+00
1.050415731036270284e+00
3.096020392574415081e-01
4.276652749881210691e-01
1.843106208133823420e+00
7.890871056507182679e-01
5.605594430282763163e-01
1.237991769775386608e+00
1.422775739421566543e+00
1.294229509075227824e+00
4.835159855128260409e-01
1.220357301063372812e+00
2.875371274588480297e+00
1.763622425191995635e+00
1.491378809111458814e+00
1.256008124340624921e+00
1.205322593926686947e+00
1.982996704099026175e+00
1.369605642478705310e+00
1.941526111913975727e+00
1.215133810078476762e+00
1.690276730953204742e+00
2.358381903701171733e+00
2.396828125285018540e+00
9.104609169559392257e-01
1.793421377866886157e-01
2.060008862407732178e+00
1.493026507545226922e+00
1.681281793033791550e+00
1.874355616896526522e+00
3.229925828212038219e+00
1.338820500421328719e+00
1.474558714237159673e+00
1.619930673483496841e+00
1.017909422909759609e+00
2.332168732991349192e+00
2.014699934377768287e+00
2.088790106279031722e+00
2.852778375625425689e+00
1.900681807813366930e+00
2.068694168433832026e+00
2.246777851459577313e+00
7.525074112666763071e-01
2.134751910482049819e+00
1.040912319687914422e+00
1.212940019465291952e+00
2.322437059753013511e+00
1.232170590351416850e+00
1.148678088763257277e+00
2.863975025734291080e-01
1.607518777847389391e+00
1.585673832252285642e+00
1.497038967459234371e+00
-2.787682248918181838e-01
9.756915677906292661e-01
1.030191247173750435e+00
1.736508471636912798e+00
5.056122555703759236e-01
1.348253663507512634e+00
8.114610564764246359e-01
-5.046921758349572906e-01
-4.637113406787712888e-01
4.198346710284784344e-01
1.682492363015016368e+00
7.550373148581995819e-01
-4.702080802764867506e-01
8.791696845894524381e-01
1.355387906871841519e+00
9.818980039362681378e-01
1.000688447887452703e+00
4.505462052148889729e-01
9.017015590934300828e-01
3.618826308500776578e-01
8.211551679849027341e-01
1.496226005172446527e+00
8.460629970656756704e-01
-1.155764384394382671e-01
-6.341971473525215286e-01
1.132315641392362737e+00
-5.759875726337144730e-01
-8.001335907111573054e-01
1.325798624657160696e-01
1.231392448066725986e+00
5.550230084473288805e-01
-1.996136466141783250e-02
8.166452352576961671e-01
-5.161032153227392838e-01
-1.454596406270771691e-01
-5.057294680285869815e-01
6.384912353212517377e-01
5.932204326365175806e-01
2.821463320739656111e-01
9.170118480600788491e-01
-9.136027757014884010e-01
-1.650252020124722829e-01
-5.857252367540997096e-01
7.667187210976764700e-01
1.003748816243329678e+00
5.206642733344846175e-02
1.910393457133587880e+00
1.434760869702284225e+00
7.975265021254208664e-01
7.710282206169123409e-01
7.496525568046737975e-01
4.233742314848457089e-01
1.500620143660895689e+00
8.063254540947957238e-01
7.308559891846500012e-01
-2.572811409244950553e-01
1.149106586173995082e+00
1.219441681263254029e+00
9.133330842163190910e-01
2.414744769355517739e+00
8.852617539733713681e-01
1.071965058248456781e+00
5.940806395828505115e-01
4.765019180158905909e-01
2.102960130706920339e+00
1.383931286364969093e+00
1.571989846505432942e+00
1.038419967401442934e+00
1.338736257322931333e+00
1.394441338422200971e+00
8.555541727316116063e-01
1.664811897781030448e+00
2.303511805497584497e+00
1.936981891879042017e+00
8.150323395948585459e-01
9.707365579525484289e-01
1.567563742122670245e+00
2.526697926930255633e+00
9.506273134252634094e-01
2.735343311518511733e+00
1.540106686843951689e+00
4.157919966732039896e+00
2.470983481873285204e+00
1.821038685901790855e+00
2.230021729073606629e+00
6.451505696214892005e-01
1.242892613017440473e+00
1.397579413796594894e+00
1.417517798928255690e+00
1.051194606050801728e+00
-1.043445532385050445e+00
1.578814615880173466e+00
4.956682788095205794e-01
2.140853437861360842e+00
2.122817513090243580e+00
6.348946903503600581e-01
1.279456145999957162e+00
1.717534106055853105e+00
8.553030707365764096e-01
1.670541301116213795e+00
1.576751945987056036e+00
8.251746998732818472e-01
1.655819031843195344e+00
8.485972476662172470e-01
4.430278393701242434e-01
-2.160922473398860788e-01
1.382714316376316477e+00
1.455415773230604337e+00
3.713819604911379191e-01
2.461745801121587585e-01
1.317210783983118638e+00
1.112467068306463247e+00
-4.392579377441734323e-01
1.505955790953691364e-01
2.730066930125769620e-01
2.073597951588812549e-02
1.087521811536980909e+00
-5.734823625087466237e-01
7.494329307096447845e-02
-5.119906207073394722e-01
1.159345524595565280e+00
3.734320506382883265e-01
3.073428495641364333e-01
-4.817361741812036247e-01
2.727390248474391155e-01
7.878040171631989219e-03
-1.886852917339315594e-02
1.842152320873139626e+00
-2.972872842134925420e-01
-2.649629188024630322e-01
1.852860823424695269e+00
1.051730287530779906e+00
5.969174219261780268e-01
1.210180659958843830e-01
-4.813919832336580051e-01
-2.756017694349323088e-01
1.251979018740136507e+00
-4.924240056269261756e-01
9.411477201709983476e-01
5.073855948465610943e-01
9.358025821750246553e-01
-5.679877059175553189e-01
8.798698774481977791e-02
-9.284682325555919657e-01
1.744477847816487071e+00
9.675043473631936841e-01
2.186618270778847295e-01
-2.891731802150576680e-02
-5.946034454304292005e-01
3.712065570838135042e-01
7.743468493250150742e-01
2.107486751097788602e+00
2.891784971665156245e+00
9.633036696598198390e-01
1.035276029855487501e-01
1.202294513689960986e+00
1.893916676107359365e+00
1.557911706263451768e+00
3.095302017212915313e-01
3.036857540270940348e+00
-4.897495569602765553e-01
1.956187971842534790e+00
6.654102328803550570e-01
4.486388397973110065e-01
1.735729351492011796e+00
1.348374908051013898e+00
8.566462819589386601e-01
5.468358435514836247e-01
2.384508230393749706e+00
1.954383374216742242e+00
2.247722665498241401e+00
3.012706573910000962e+00
3.821535673851976789e-01
2.022341851917646594e+00
1.550823328668318402e+00
3.265202740662133785e+00
2.157747750766519701e+00
1.383327813165308395e+00
2.743643384264832896e+00
1.409325320282697636e+00
1.659182905578321154e+00
3.019790743086330664e+00
1.782612732117150989e+00
1.526792390897803608e+00
1.368043374292498893e+00
1.939537989024575415e+00
1.270123581053301809e+00
2.611397594884682150e+00
2.464919738451482711e+00
2.877451011295969252e+00
1.335384453322231657e+00
1.368259296353828036e+00
1.213756868854230397e+00
2.239015904098855536e+00
1.031682230014235646e+00
2.158656084890996141e+00
2.381542426131366685e-01
1.093261071085632974e+00
1.861941674695116067e+00
-4.046042858299021550e-01
5.780260352685502312e-01
2.811766769873282890e+00
3.657981379275037082e-01
1.110523861318945427e+00
4.687094038755028613e-01
8.124190312698345018e-01
1.041236464020789620e+00
9.686190874376858773e-01
3.057426183817137932e+00
5.998933652773607017e-01
1.010493194334992850e+00
5.570820446498254697e-01
1.116013556055915679e+00
5.458506179559734495e-01
-2.375457134568866868e-01
9.470302607859416577e-01
1.882065866637558482e+00
4.272446660326644774e-01
1.213396179798059471e+00
1.520598195768911309e-01
-7.832059391888229749e-02
9.192812540866435178e-01
1.304740283525109290e-01
-1.010672728843653001e+00
1.141616037616201229e+00
-2.435222881878441603e-01
1.097724286199578403e+00
-3.080473510329683196e-01
-5.679676910341977525e-01
4.954239213022403332e-01
-1.819409964632247301e-01
5.333008600520652287e-01
-1.233963301468027574e+00
1.507644218992731711e+00
5.814646478095004678e-01
8.386512826536675069e-01
7.473712116399178207e-01
6.290849418168851237e-01
-8.011647664100229882e-03
1.001466319835276231e+00
-6.898314318201537176e-01
8.120352486356996469e-02
1.547606783621100490e-01
8.461986933761819207e-01
7.972915614896007863e-01
6.137485895233916189e-01
1.728592011620117663e+00
1.452484118230984222e+00
1.103299511131530686e+00
6.121549922301190438e-01
7.784279006717629290e-01
6.449879060263912223e-01
1.735981665845580668e+00
1.474182589223837159e+00
1.953990294181679133e+00
1.277574934271439977e+00
1.348493103830466389e+00
8.518293230117317538e-01
1.156953126309538948e+00
1.591738384637405357e+00
1.398604191394248186e+00
1.479562269032776989e-01
8.648422289943294983e-01
1.755728078006427273e+00
1.422412712979597593e+00
1.043661337909314257e+00
1.520553964216601051e+00
6.039666241929821933e-01
8.095972984189369059e-01
2.869747388772657004e+00
1.921378442812453180e+00
1.060349599425582934e+00
1.922435911530761876e+00
2.591682502574951918e+00
2.483151232118891549e+00
1.679648169807949065e+00
1.917483105884616901e+00
2.290499380838131316e+00
1.012870841848196868e+00
4.243182329654804352e-01
2.008595255065397378e+00
1.320242588796728622e+00
1.929251929757779260e+00
7.976299630850767208e-01
3.276158000242635815e+00
2.173362365645589378e+00
1.805326729010019449e+00
2.553535462402891643e+00
1.477266572528269872e+00
1.547638177082761857e+00
1.698483081530349770e+00
1.359422267960095354e-01
2.142545151083037780e+00
6.462101031723973543e-01
1.526909427877183534e+00
1.069841738935144004e+00
2.224674481450405139e+00
1.809177031458550466e+00
8.803020420362308585e-01
1.443585695832212412e+00
2.064655434941615741e+00
1.470637112063893026e+00
1.475018266236059139e+00
1.998939157896228780e+00
1.328864563519517539e+00
-1.492584069062341534e-01
1.754069894334557844e+00
9.855208306882369262e-01
1.143404252643565711e+00
1.805660658828246667e+00
2.705338005590237627e-01
1.783569223223376410e+00
1.062687388914305364e+00
4.392921716032011092e-01
-1.279952573143070982e+00
1.313648099593943464e+00
4.760983395851160482e-01
-8.086762409050918254e-01
1.509890616529787621e-01
2.352255623868249046e-02
4.385296012427418733e-01
-8.003722958727649273e-01
1.131746062872842906e-01
-4.786885146670505353e-01
6.539301739430951610e-01
2.786928288937358111e-01
3.563259006296817244e-01
-8.527221457495151036e-01
-4.696076927503918530e-02
-2.567210355957858653e-02
-4.235139264085276412e-01
1.770578819773479529e+00
-2.263638316640476100e-03
-5.791169455281658385e-03
4.219451649949553240e-01
7.511945744031468530e-01
7.604292699380887921e-01
2.722216764487042640e-01
1.528513946973786286e+00
-6.076270285033674723e-02
-1.646147985728762198e+00
1.303418612056518100e+00
-4.558479048568413461e-01
-9.362022897719701753e-03
5.675397675024351773e-02
1.755525642798662744e+00
6.941113256160912348e-01
6.206237291993367267e-01
-2.123554324684621131e-01
1.332700669659808490e+00
1.065012697483456172e-01
1.523322956985328824e+00
1.936599332707581222e+00
1.070578093563128386e+00
3.810612472629466563e-01
5.119944024974798502e-01
1.936580006777329999e+00
1.595254643171418962e+00
1.082758365595969163e+00
1.083724655315981611e+00
2.258466998868930986e-01
2.041132270796923276e+00
2.443719515119916696e+00
1.805758624215205499e+00
1.510325966768351291e+00
1.530070755058466681e+00
1.378874448849779721e+00
1.742185660631374811e+00
1.112944118174174823e+00
4.078619809394539164e-01
2.080357529104743808e+00
2.356424691058655707e+00
2.907272097825743806e+00
1.520059974597807395e+00
2.646674697114804964e+00
9.954366162010418462e-01
2.351554274034856284e+00
2.068383741270579890e+00
1.345808584529035290e+00
2.090386856063839449e+00
3.148149707227029026e+00
1.331916034902854484e+00
2.095627536474389707e+00
1.519012326826346237e+00
1.046857898061457792e+00
2.383704059414357257e+00
1.745242886956232642e+00
1.441860696729494906e+00
1.718532599636720448e+00
1.248740387118722373e+00
1.589507763571879506e+00
1.537745832109210120e+00
2.142021907577096762e+00
1.299801872934698066e+00
9.563791859739536605e-01
2.433156613529287249e+00
5.213207927687406595e-01
2.840984829383806698e+00
1.723852898926795607e+00
8.048841505195221124e-01
2.282546337525288571e+00
9.977300381114506678e-01
1.322526435110589205e+00
-4.142106482078189433e-01
8.400949081017256015e-01
1.395366376016513144e+00
1.349519556702986067e-01
1.244278918073756568e+00
2.890132147535143803e-01
5.732737082544414609e-01
9.937577834051620762e-01
1.258708945354435116e+00
1.675210481452323874e-01
1.414841372831738830e+00
-2.669729797646815950e-01
-3.168837661661517702e-01
1.418048720887973069e+00
4.721021385814684890e-01
9.586080970821847513e-02
-2.547777114724503189e-02
4.158836343425758031e-01
-9.997835001997462667e-01
4.455459806081746299e-01
-2.168068981897957048e-01
4.236546524994573293e-01
-1.348224463689040031e-01
4.083932431826634568e-01
-3.765980310848163759e-01
-3.985768549619441714e-01
-1.749300042224894713e-01
-7.534048319119678316e-01
8.605754079193327077e-02
-1.104180544247315598e+00
1.335798146908596384e-01
8.036743997730932954e-01
-3.238427023209285993e-01
1.023663292372059219e+00
9.619129104314418921e-01
6.099981344444151965e-01
-5.639052997631769371e-01
1.239895176047513647e+00
8.990001042326517533e-01
9.878528135736541760e-01
1.308377658697055024e+00
2.680793309561362303e-01
1.131264534128534116e+00
1.199970633887173843e+00
6.780004842733237114e-01
1.765659159734201289e+00
-7.979779469343677434e-01
1.134250728665983754e+00
1.356262791870817885e+00
9.003568597339905999e-01
6.107188652291896114e-01
9.451918914048068610e-01
1.756100592686102413e+00
3.276972669485399559e-01
8.828425010617653168e-01
8.172078106234208494e-01
1.768968392157020064e+00
5.973818279786786700e-01
1.691570147116810974e+00
9.489725410067360034e-01
1.940827823333060032e-01
1.603063773607591003e+00
2.754311658785053130e+00
2.036265434475766245e+00
1.247621215818462082e+00
1.676940872910253066e+00
1.457194478403967874e+00
1.522619430925657769e+00
1.561693371131350316e+00
4.443845704394882024e-01
1.572826009611048015e+00
1.295478117060433476e+00
2.027426077618501132e+00
1.471289777954598588e+00
1.640493242629081472e+00
1.854748154374237457e+00
2.712621974459442864e+00
1.799837767005805000e+00
4.884183695792352342e-01
2.050402523598516158e+00
9.467537963342915752e-01
2.069677578224617065e+00
7.680763216683752503e-01
2.029467122603263896e+00
1.461815881508800263e+00
1.106826717390896775e+00
2.884174494685006529e+00
1.607425421265045395e+00
1.786161272266113986e+00
3.338499004047267960e+00
3.089719655570852819e-01
1.976915036521461833e+00
1.786311676909775770e+00
1.575367044196435584e+00
1.615559676345501128e+00
6.120900377732060305e-01
2.255506848361366945e+00
3.543100434491618378e-01
4.540057959741931048e-01
2.591070295960364422e+00
3.030178833515225545e+00
5.864710767072256470e-01
2.868870040496301899e-01
5.212334178601423229e-01
2.760889310305938427e-01
1.989553664846191339e+00
6.440761117878969211e-01
-5.806560821400630346e-02
2.936518666768865304e-01
1.043462961922708487e+00
1.106329314179029133e+00
1.904575002112635307e+00
1.070720357843976789e+00
3.461779270313987134e-01
8.986813693455448782e-01
1.411395325804390755e+00
1.337282787405074114e+00
-2.382599036332421205e-01
4.051895083531770747e-01
8.609276535802148356e-01
-4.375603934717721133e-01
-4.841764409194732055e-01
-3.046955088416764545e-01
-6.800714752866407475e-02
-2.288661797124393882e-01
9.854826376591760972e-01
-2.369020041663288112e-01
-7.469579303194943121e-01
9.296057676530280478e-01
7.304227979038649399e-02
-1.349896824154028785e-02
-1.511739034048986019e+00
1.124709993023113475e+00
-2.762077046791718837e-01
-5.750179101373740220e-01
7.076293473831660741e-01
1.374806426259541414e+00
9.081240851468069808e-02
5.348387773456663163e-01
1.874515258604120049e+00
1.286193682059991072e+00
-5.124651982077165213e-01
2.484077044677801549e-02
6.302765966961229038e-01
1.186198004216121316e+00
5.274272906275279116e-01
-3.617819720088977231e-02
6.202281719103981406e-01
1.074731144835393337e+00
1.535655754733376899e+00
1.853847387823544857e+00
1.014728245669824558e+00
4.900679894119422952e-01
1.332164297683391840e+00
3.792551135093243930e-01
5.218920775671689327e-01
4.652401059922886550e-01
2.403499900343739615e-01
9.508028621613348053e-01
1.257626095311492609e+00
6.658925695792539123e-02
1.579826341564889658e+00
-5.699647588344215476e-01
3.429877289884288860e-01
4.422211796788605431e-02
9.977349527788035299e-01
-1.692593705916905500e-01
-2.824630068487833379e-01
7.860524995070132803e-01
-8.183995005434097081e-01
2.204524778230425308e-01
-3.169235484174685036e-01
1.905985091785911689e-01
6.005270605633039604e-01
2.393204228798846422e-01
1.167069630201120978e+00
-5.860523309601088915e-01
1.178355437529552630e+00
2.829096658368854961e-02
1.665044347948760328e-01
7.210573425089336075e-01
1.573750262131257960e-01
-1.415846953928530938e-01
-2.997498466197565659e-01
9.362850092334005225e-01
4.387630749245939876e-01
-9.016170007320457591e-01
-2.627924875842854724e-01
1.309651649091332803e+00
8.115669105190109756e-02
4.621379891227098136e-01
5.022375890898572726e-01
1.204152320327331882e+00
1.806238377977693599e+00
1.441613894099587068e-01
2.046763662204956535e+00
1.297842331703077612e+00
2.284959195307506796e+00
8.395476144431824883e-01
9.896655669680664014e-01
4.323284223147604299e-01
1.284941478588288444e+00
9.865091253112446834e-01
1.039093781916177628e+00
2.667001148911197106e+00
9.169417974689544337e-01
2.780745248728259122e-01
8.496395473539678500e-01
1.080154240635190277e+00
8.489576211501834724e-01
1.146584352251855732e+00
9.066885787595913015e-02
1.635046989829774589e+00
7.346748916768438553e-01
1.760417078923593559e+00
1.108966811460484703e+00
1.033915901625123146e+00
8.295116016831989292e-01
-8.098586700394035942e-01
4.780492008138189086e-01
1.205649270552795915e+00
7.590662934754486280e-01
-1.978696622874877575e-01
-5.469822580904344367e-01
1.898075924255431812e-01
8.204319936368361654e-01
3.010631258841976465e-01
-2.600555579271865078e-02
-6.683215235914449770e-02
1.007058804982628730e-02
1.108750634488757936e-01
1.959369936353051456e-01
5.711824908780416266e-01
5.044098657472886327e-01
-1.040741392347017458e+00
1.349015223922296114e+00
4.559979759435021096e-01
6.271314212428950041e-01
6.306230280367253194e-01
2.091717081201052597e+00
9.771454969061055262e-01
6.139915976195277070e-01
6.553731283476451619e-01
-1.107502775834873221e-01
7.294111527388678073e-01
1.267560487312507034e+00
5.214295688719894351e-01
-5.208945102818437478e-01
8.931034365864446434e-01
1.580341204437962332e+00
1.290940461869279243e+00
9.752883572167767579e-01
5.751643217358998195e-01
6.371771691214994648e-01
1.120920934546140613e+00
1.402039380750219610e+00
1.423994255680714360e+00
4.541383994913694155e-01
-3.287137218924418569e-01
2.643641227873775312e-01
-8.281985387744827953e-02
1.706755543798107233e+00
7.660896921890318900e-01
9.519323440626503707e-02
-8.566302806086218968e-01
6.053852913626586174e-01
-2.662182256898473764e-01
1.186047736570948974e+00
-1.685676639825628431e-01
6.468000931139812337e-01
-1.269120972158984895e+00
3.120408812686362721e-01
3.538084900992167214e-01
-1.234904821141969755e+00
-8.341766978516900188e-01
-5.318153346081796462e-01
-3.794078181619070511e-01
-2.007052021822653132e-01
6.562125405751538521e-02
-3.538925872673950312e-01
4.486928377672042556e-01
-2.815896232964273938e-02
1.421963831716263338e-01
1.159514800484912067e+00
-2.509504994361497210e-01
1.620410064532564198e-01
1.240446019516302734e+00
-4.339767704182335151e-01
2.499769653110032741e-01
1.174519085496505300e+00
3.085520773313873977e-01
7.855273670813294196e-01
1.126886776900364318e+00
1.449130574649055703e+00
1.278886816555305561e+00
-4.209895277208963726e-02
-7.465327908792351863e-02
7.475336367257920944e-01
1.648451531177082430e+00
1.192919624166968173e+00
7.685658125041655575e-01
8.594270608223695262e-01
1.700713634462343027e+00
1.644196634873457130e+00
2.437921746893112473e+00
4.061459267017196173e-01
2.821900914577223363e-01
1.943416930056921510e+00
9.970566334514558982e-01
1.248449675414236681e+00
7.155570946441810465e-01
-9.162989599593079904e-01
-2.352425058826934645e-05
1.133515715705095683e+00
8.408067109209476087e-01
-8.222046092353680891e-01
-7.486990929160048935e-01
8.995474722493086439e-01
8.197405985625062508e-01
-3.955080549052636951e-01
1.594181703059488253e+00
1.571017928671274433e+00
1.202086748877281730e+00
-3.697516023268436758e-01
3.256026695315424879e-01
6.641101435518208529e-01
5.760600013698684574e-01
6.300904504574799114e-01
-1.596806255368190097e+00
9.290350736115404739e-01
6.617692496435944038e-01
9.071499075465663253e-01
5.796225175162116328e-01
-3.154753409767293570e-01
-5.608934655198083430e-01
1.165321887503678600e+00
-1.034782222284495568e+00
-4.955950334456385442e-01
1.001275063307259794e+00
2.342688284746528460e+00
1.646040630748198064e+00
3.616571039108223973e-01
5.438031167022538970e-01
-9.438712828967710244e-02
1.110799923996896199e+00
2.010523350921181507e+00
1.160196122442402888e+00
2.842909619505418206e-01
4.563519361735830504e-01
1.603316465233610710e+00
2.827904486721973143e+00
-1.480823158244644056e-01
4.447468081424881259e-01
2.925693302701474208e-01
2.138437796693550386e+00
1.158953010556385665e+00
-2.063714855704007478e-01
-2.378413221624515739e-01
9.638639871037472107e-01
5.648288320214065461e-01
2.464503741115670055e-01
1.345506294575758766e+00
7.674902153165508167e-01
7.580093680294280878e-02
-4.395821663840965288e-01
-4.140730380316846038e-01
5.821135617251009808e-01
-1.211357005174225066e-01
4.810633633486381400e-01
8.040934164633064540e-01
1.167879160327350840e+00
6.512155504895381086e-02
5.943476564443258559e-01
2.887552101585487141e-01
-8.985058638857709168e-01
9.115592543284980476e-01
1.505762561763937524e-01
3.809655050392628528e-01
-7.118372601415703382e-01
2.091074161262911790e+00
-2.558715665363603398e-02
-4.625853115899733470e-02
-9.675614213690728604e-01
6.810897807057506026e-02
4.108303924037564059e-01
-2.080400335621798713e-01
1.510242149901921960e-01
9.029373219700476128e-01
1.665869919980625946e+00
-1.539298403372939550e-01
3.828891353939956055e-02
-2.930757600797750939e-01
3.717447718788637889e-01
1.112053468239697418e+00
7.215541021338178762e-01
2.996931695541806828e-01
1.469981482558888608e+00
1.805496089280580474e-01
6.887598809239551256e-01
1.405131959308201894e+00
9.058377338623524455e-01
3.007721985457276759e-01
-9.518752416079867551e-01
1.243448338877975123e+00
1.739677504976876232e+00
1.735597152246048935e+00
1.120410480692930477e+00
5.779834433529908999e-01
1.366470617299692103e-01
8.709915032091459786e-01
6.610511681926246608e-01
8.892251880769975747e-01
-6.908020356713527876e-01
-2.976159064741328297e-01
1.123623146420969388e+00
4.291399476431475013e-01
1.032979720412757541e+00
1.002122647058436122e+00
-2.327055383607959937e-01
1.337416973486440064e+00
1.455745312175896755e+00
4.092760029018417400e-01
-9.192872227365413984e-01
3.779830213418299278e-01
-2.164525187879301482e-01
-8.423161523226881942e-01
-9.446037443845614057e-01
-9.908395521728236011e-02
6.334027975779714659e-01
9.281878930374048986e-04
-2.953543104765138372e-02
-4.140401609713581510e-01
9.776289875818787722e-01
-5.680760869913293876e-01
-5.378316734774568619e-01
7.039618921314287903e-01
2.169370776638435971e-01
9.979546119965321260e-02
4.148445857067549203e-01
6.216290953114439466e-01
1.426829495708475726e+00
-1.907066901575272810e-01
-6.712880469043259746e-01
3.602476526965273651e-01
4.697523766505610210e-01
7.281970601827284506e-01
1.451497802515941071e+00
-2.470041824334071601e-01
2.055389918754182421e-01
3.148949326515821934e-01
1.359210234740426904e+00
2.026238306844861947e-01
1.536290832386979499e+00
1.058013725594126209e+00
3.106131861025370755e-01
9.573107377068766910e-01
5.985140041235663677e-01
1.685608679999464510e+00
1.887764505617861577e-02
3.227693592162528824e-01
1.572592079215503258e+00
-2.336674748937106472e-02
2.064536278253798596e+00
7.033173371803149720e-01
4.290602364232138921e-01
1.825066708760081147e+00
1.191411917496694173e+00
-1.428609126382013317e-01
1.940698918964870456e-01
5.657586312371343240e-01
-1.644474498600547729e-01
2.582112159184170586e-01
3.770480611786221070e-01
1.874080645606011897e-01
-4.032641638432538089e-01
-8.594172075462881422e-01
6.815825299483083688e-01
-6.081660370869946819e-01
-1.143016590993682635e-02
-1.118698421583541824e+00
6.472298125023933091e-01
-1.054211806577193267e-01
1.937987327953829553e-01
1.960150489593787126e-01
9.045493647044391405e-01
-5.876429148877018172e-01
2.784419405209449527e-01
-1.100332721564685756e-01
-4.996662208477448130e-02
1.044251583547338935e+00
-8.205135836273000915e-01
6.555293830690365198e-01
8.504173340529154190e-01
3.797488013145763341e-01
6.838590004329957450e-01
7.915968591257795950e-01
-5.581827508771575186e-02
1.461574017936479120e+00
1.758489373362192687e+00
2.065014393619602373e+00
2.689227919742541717e-01
7.890506550653973994e-01
1.064961530976967774e+00
3.876034471653388991e-02
1.777348562901110540e+00
6.423252361402951305e-01
1.520527788926636648e-01
3.246719224951694072e-01
8.679426768931650660e-01
-2.274054449788489585e-01
1.180067319705179418e+00
-1.124477707794662162e-01
-5.125825124277491041e-01
2.412417960058307886e-01
6.958969309510187884e-01
-4.948711054529171260e-01
1.083734230586916869e+00
9.376275234273867554e-02
1.108288081795390512e-01
-1.651222912398656040e-01
4.916119478750177185e-01
-4.145708816559338095e-01
1.523473413781798458e+00
6.551081176456938771e-01
-3.433078318181479460e-01
-2.986606275100527896e-01
-3.318526430970841767e-01
7.320244933671280485e-01
-1.928280816749645132e-01
1.685081904483020088e-01
4.233733932203882500e-01
3.877077641282782317e-01
1.190788197607557830e+00
7.336728585805743497e-02
1.369083604729240511e+00
-1.622316702175978231e-01
7.306394837828042998e-01
-1.395007623716567169e+00
8.713414855539469706e-01
2.736210197362879404e-01
1.109128072840709134e+00
-3.539614819204911500e-01
2.712801812121949929e-01
5.300065808276432922e-02
1.703587654078073887e+00
1.115963616048138096e+00
1.167536529012446422e+00
-3.231389956151212717e-01
-3.588703506080770378e-02
9.664629654129449632e-01
1.464722944787554937e+00
1.048709569299745681e+00
9.572197220234855974e-01
3.993132324672189482e-01
2.349830964620678309e+00
6.191090837939740021e-01
3.617713929550583352e-01
6.895284066060309858e-01
1.665944683902294443e+00
6.180688094451751713e-01
-1.991407044801304371e-01
-2.063365101159025938e-01
1.025831606020588094e+00
1.450057227885889866e+00
1.297228488441983352e+00
-4.144068601758579273e-01
-3.268517294372889626e-01
1.103502470036987537e+00
-8.145396511228208958e-02
-1.558173481160959328e-01
-4.449592678289967518e-01
-2.944440323692916195e-01
3.578399630373391149e-02
1.381938404860225900e+00
9.311742404963605502e-01
3.266684379011098871e-01
-5.306718933815579575e-01
-7.311901999319522782e-02
-1.317701997258314273e-01
1.302364230447639493e+00
-4.824216281179142252e-01
7.388587388866250105e-01
6.480071365484944002e-01
9.493818568682872439e-01
5.628130860853391981e-01
-1.842696141798101928e-01
1.822366915836196810e+00
1.687113216008557792e+00
9.765157634107042295e-01
5.620388916215489639e-01
5.679874421465364032e-02
-2.838011449349483462e-01
5.713201987679816796e-01
9.004173562978718959e-01
-8.072915244186968931e-01
9.554013859028247513e-01
1.117325904445569673e+00
1.281866918994834403e+00
1.780295849680432418e+00
1.342755018826350621e+00
1.463681361922433588e+00
1.358220520624993322e+00
1.233253918810076399e+00
4.604799084990293112e-01
8.088361541959459000e-01
1.311271800281582411e+00
1.557692312527034773e-01
1.050811026145745730e+00
1.113811774466944460e+00
2.385326528819255443e-01
2.052987960618015695e-01
7.474598344439290498e-01
-7.497933903650055854e-03
1.387564202475082720e+00
3.452889179180667067e-01
-9.618436465460189488e-02
-1.053914810323905771e+00
3.615537384655180819e-01
2.774371769326143822e-01
1.681483528042539088e+00
9.443379646475481559e-01
-4.886019740925302557e-01
1.402294523914472402e+00
1.994626827556935100e-01
-7.307712343352362749e-02
-2.417133987517089966e-01
-2.813782179552475893e-01
