-3.398839326824263929e-01
2.494815520363643235e-01
2.033718934047195614e-01
-5.349949946965178171e-02
2.362078972324625215e-01
-3.319756245747215728e-02
-3.298335021376219145e-01
-6.715031192953430095e-01
1.196514623389895782e+00
3.405189920950460469e-01
-9.171186674167083330e-01
1.190926186078759552e-01
1.586106819459996986e-01
-6.947224823948396910e-01
-3.726622354635210077e-01
9.512882181642978718e-02
8.959332082709942080e-02
-3.453156972641864275e-01
-4.333317902441483627e-01
-5.617717355508276000e-01
7.940717752959347564e-03
-3.470641390827933770e-01
-2.387570164959959829e-01
4.807321275939435701e-02
-5.061211843662245524e-01
-2.319634061456399277e-01
-1.035681228897252337e+00
-2.061402972591531157e-01
-3.913405610617497477e-01
-9.545969202499599016e-01
-4.163636292713910891e-01
-4.897865483455686730e-01
-6.201786946867610117e-01
-9.626202772159766496e-01
-4.461441472940569364e-01
-1.091219408244291866e+00
-1.021114283993002081e+00
-6.706859972586659557e-01
-1.470450337338043978e+00
-5.819926648567348426e-01
-4.373278499270957242e-01
-1.122028172743789964e+00
5.080153315924967883e-01
-7.383712864688368738e-01
-1.292294448882254310e+00
-8.896419360870028159e-01
-9.382376545388561029e-01
-1.498551991631636104e+00
-1.456550427673688253e+00
-1.751495860839279661e+00
-1.540500592249668843e+00
-1.139507151404243412e+00
1.551281876396997106e-01
-2.906246163964323337e-01
-4.756162124323431439e-01
-6.502493048257869113e-01
-1.077916941294045028e+00
-9.423901762756189404e-01
-1.041965465965860371e+00
-1.298128348437293855e+00
-6.464302342336677443e-01
-8.841542864129946500e-01
-6.239753003950467836e-01
-6.468450453706345860e-01
-1.074743628722524713e+00
-9.206079635987600707e-01
-1.661798702607780065e+00
-1.674837751233162475e-01
-4.024642644998592811e-01
-4.081452287842135540e-02
3.051044994289181522e-01
-1.219249026718894013e+00
-4.310996897441211617e-01
2.068688583436995021e-01
-1.628002419665826261e+00
-8.562905763749131260e-01
-2.607191165094266960e-01
-3.166781818201920840e-01
-2.045244487176114956e-01
-8.906454531413879883e-01
-6.809898776814149457e-01
3.007246937813659038e-01
-5.799378163649994145e-01
-6.839096177390497910e-01
4.062790435306123382e-01
-9.249000719528630565e-01
6.077508089007187531e-01
-5.489131427282289977e-01
2.226772301914827779e-01
-5.677241542770439242e-02
-8.928942096857293009e-01
-9.886260033244580470e-01
-9.979653201960453357e-02
3.039613188297171087e-01
3.429861416566432619e-01
-4.999320803733383611e-01
-4.070297936027985064e-01
9.069249320297445571e-02
-7.721954380170509280e-02
2.314746583442907901e-01
-9.683531393989326663e-02
4.744618254245050459e-01
-8.896589177269720317e-01
3.090134072419755129e-01
-1.672603588266956265e-02
2.576721781269117884e-01
8.179731409715988999e-01
1.158809208382980127e-01
-4.933869012351431715e-01
9.533772567750562477e-01
4.196190525867470322e-01
-2.309202565927958306e-01
-8.181321621793062882e-01
-4.961633933693920806e-01
2.311934372770498292e-01
-1.685227331960974739e+00
-1.233879788881631301e+00
-1.278204193749621354e-01
-3.214683438799124104e-01
5.784903411899305903e-02
-3.943339812709157899e-01
-5.554838228309934012e-01
-1.715014056761521299e+00
-1.219114968921517050e+00
-4.788604128255559145e-01
-5.854353891942277732e-01
-1.344985117715397305e+00
-6.935370609765073580e-02
-7.572158916057651901e-01
-1.195605810066662222e-01
-9.706012613068992767e-01
-8.010541801781156934e-01
-9.211245962872729454e-01
-8.300172714925528883e-01
-6.916991131521826874e-01
-1.165075028249485722e+00
-1.360810113011270417e+00
-8.077815294508640109e-01
-8.731125563374537712e-01
-1.096603263309825049e+00
-7.786794300096162580e-01
-2.912565205720056838e-01
-1.175192476266839758e+00
-9.254028783808132541e-02
-1.629713980957118169e-01
-7.847968070670432450e-01
-9.544593791283902950e-01
-2.280721606752378339e-01
-7.328341710721359981e-01
-1.318177619420981106e+00
-1.068148600799120551e+00
-8.494486767466644661e-01
-1.410778257456448470e+00
-1.107447861618892748e+00
-8.159590007113819432e-01
-7.641041211251964338e-01
-1.363572853584458011e+00
-9.083509398019647962e-01
-1.260707907191844779e+00
-8.104801284992726451e-01
-7.207766917571003518e-01
-1.320368154119653248e+00
-4.819391198753762429e-01
-1.025392157049505704e+00
-1.033706195437221087e+00
-6.894787273548944606e-01
-5.430033746946111295e-01
-3.281029636249608861e-01
-1.090683472766813544e+00
-7.399190115189251404e-01
-3.516992581755773450e-02
-5.077834232686955218e-01
-2.918224971971809523e-01
3.995277298915915765e-01
-9.548947330093108254e-01
-7.784397857523124298e-01
-1.160041003963228290e+00
-2.225562794680268908e-01
-8.002883689784048293e-01
-3.948405191852086271e-01
-4.008715604921739839e-01
-1.573640386151725079e-01
-4.999557722222032208e-01
-3.893522983565208540e-01
-2.578299984413336965e-01
7.400856910824564761e-01
1.065635373713619272e-02
-6.575547850231484581e-01
-4.995619381478093035e-01
-8.261738174397349477e-01
-3.320882548287403258e-01
-5.259225630950645214e-02
-9.234519759484982604e-02
9.361348265401353563e-01
-4.390917781257767660e-01
-7.104987474198437569e-02
3.232593919746554190e-01
-1.294196647465040595e+00
3.859636624079120781e-01
3.145528916227622318e-01
-1.191632574843711212e-01
1.030749500207490954e-03
2.673813691443379104e-01
5.457920882896353243e-01
3.241671340682691360e-01
-2.544974380313130280e-01
3.045828749747497288e-01
4.924349832649395076e-01
-1.147587564791569203e+00
-8.185857508765801427e-01
5.320248366291537856e-01
-4.586158957575169337e-01
-9.053590550655911118e-01
-6.982416101779238549e-01
1.358808103774122866e-01
-4.781720708392920294e-01
6.181243021398434845e-01
-2.884605670647913955e-01
-2.412084055102936275e-01
3.414106506012498654e-02
2.975868862431503836e-01
-3.379867125402072903e-01
-5.862845459668457604e-01
-1.065981823713425314e+00
-1.769633521881388116e+00
-1.889122154908078333e-01
-3.565202797565431014e-01
-8.410374574934651459e-01
8.293195270054941615e-01
-5.954506357333977373e-01
-5.136996694395831176e-01
-1.936137784709732190e-01
-2.801826644113082354e-01
-6.249053330832272657e-01
-1.709863744871669144e-01
-1.821320432910435994e-01
-4.000563580678354603e-01
-7.942347759950316721e-01
-8.489444168372378696e-01
-9.764206903803285265e-02
-2.759440557595187471e-01
-2.221770404339196148e-02
-1.636112330396527925e+00
-1.271608235593195246e+00
-1.476968506822772031e+00
-2.172128454419026689e-01
-3.530648599617347561e-01
-7.373812413603583193e-01
-1.837928748966725312e+00
-5.193582459777602578e-01
-9.627348422803079231e-01
-3.860856412231665757e-01
-8.800510715237721548e-01
-4.009209706281620100e-01
-7.444289768224333637e-01
-1.336261534365563941e+00
-7.728694980611344745e-01
-6.010997301597120757e-01
-9.034045274534114878e-01
2.141311127270103531e-01
-1.421545830092035168e+00
-6.610012013414251486e-01
-6.449618472788809509e-01
-9.226360782669129623e-02
-2.885276026595008370e-01
-2.115558269768216260e-01
-9.417384370663066662e-01
-2.461571886083749883e-01
-7.019012717765936715e-01
-1.305850859745831816e+00
-7.163737021252933879e-01
-3.785535173851540813e-01
-9.271305985891170609e-01
-8.241869531521698322e-01
-1.433455123496537365e+00
-5.897427403418855629e-01
-1.273298458823519219e+00
-7.144587398752332286e-01
-6.603948713637969314e-02
-3.108331105832126129e-01
-3.130078459342200414e-01
1.121918844552323713e-01
-1.002419656330691744e+00
-1.214588446165317581e+00
-8.141420107488654967e-01
-1.812382165385057198e-01
-7.849632664618214628e-01
-1.001278677125251093e+00
-4.701674063897522959e-01
-2.706404958119813520e-01
-8.076933964401193933e-01
4.409853491531641745e-01
-1.097554499050187454e-01
-6.054155789215467376e-01
-8.868873278749387357e-01
-3.283788406379956060e-01
-3.467398008551821342e-01
-4.631317909013228373e-01
4.220595645577333022e-01
2.398341174178001689e-01
6.625697279069554524e-01
4.472750122905853054e-01
3.740910353086344675e-01
-1.173707221686013158e+00
3.987474477198453826e-01
-4.320108948728172971e-01
4.713164365703661485e-01
-4.154731391842249044e-01
-5.370539906490803261e-01
-2.495532141609771437e-01
-2.047264797453126894e-01
-4.278439313752703255e-01
-1.502911548646332696e+00
-1.401528969789015977e-01
4.908660991264409135e-01
-9.016287685521870432e-02
-2.792196498588334075e-01
-9.992252347803590729e-01
-2.519842690723610446e-01
4.721111872312390156e-01
1.992498797965351343e-01
1.253378473624948142e-01
3.157060076594281894e-01
-2.665150024750097546e-01
-9.352520830201923596e-01
-1.013938636528639137e+00
-1.070431397637510829e+00
-8.999146289998417592e-01
-3.441407052142941847e-01
-3.696692570599089955e-01
-6.247091867046216107e-01
-8.335668629325895251e-01
-1.341435879276903886e+00
-5.814108946784113385e-01
-3.887077746349654750e-01
-3.470915277131595977e-01
-9.512185733795390785e-01
9.241309725147361931e-03
-1.765068495341688415e-01
-1.273308843630271081e+00
-1.712515594701816912e+00
-1.272839673812467431e+00
-5.569502113883241234e-01
1.294469637477136947e-01
-1.085379286065987436e+00
-8.742876241942764137e-01
-6.610038847292469821e-01
-9.104651089155940680e-01
-5.693387712223529906e-01
-7.482523700240717446e-01
-8.984400273575190443e-01
-4.839752018523323929e-01
-1.077760899826421426e+00
-4.285895166547635249e-01
3.182749897477973322e-01
-1.156783220135647827e+00
-1.931690946682037779e+00
-1.345328091265372006e-01
-1.075969392635857336e+00
-1.080832642635537910e+00
-3.992485961143458773e-01
-6.969479241959609661e-01
-1.115200731251650978e+00
-1.836871016953996572e+00
-1.041696320379521756e+00
-6.744653270248538446e-01
-5.788878983619155649e-01
-1.022313387031525966e-01
-3.725861798915272027e-01
-1.674059352802956813e+00
-8.264711484528924901e-01
1.023342241405528208e-01
-5.831431497469213854e-01
-8.873905501850209987e-01
-5.039713466238021633e-02
-6.819888197952233000e-01
-3.729472994811191544e-01
-5.062301673916752565e-01
2.369544407196856883e-01
-6.809651118097017619e-01
2.545576011246930559e-01
-2.211499136664906995e-01
-1.211864406027774566e+00
-6.079416482867596727e-01
-6.528645112603512768e-01
-2.102795546334895738e-01
-4.027254112231345440e-01
3.182089444400111322e-01
-1.030258531302963021e-01
-4.883271688618651130e-01
-2.018975310887959618e-01
-5.138006832041670524e-01
3.782785644428020566e-01
-2.271533889851855281e-02
-3.031548963781074413e-01
-2.545204759102638881e-01
-7.042891789476232178e-01
-5.744904716450198734e-01
7.262313370891546604e-01
-6.362962792793422917e-01
1.544356607922478808e-01
-3.959752704205448670e-01
5.751575728021034450e-01
1.360667688651331364e-01
3.842097606637989715e-01
-5.927369826620482174e-01
-6.413708169390763825e-02
-9.918963555672150045e-01
-6.756843851774233523e-01
-7.455318612632524378e-01
-1.032054334102885385e+00
-4.053747740493540697e-01
-3.749605067068544906e-01
1.728625988280804160e-01
-3.268153511307399506e-01
-3.415845438365224807e-01
-8.640917166952166717e-01
-4.805080769715768252e-01
-9.736740971831611136e-01
-6.885882656669769508e-01
-1.058697288050299612e+00
-8.898061729486919091e-01
2.385751488904364059e-02
2.533271247773329904e-01
5.760861370086276523e-01
-1.239750008644124435e+00
-1.643307225656975179e+00
-3.894984090705093660e-01
4.189647540595142772e-01
-7.662859319636854405e-01
-2.507428715156689303e-01
-2.876886224287254490e-01
-2.145141394153219361e-01
-1.072182006356870998e+00
-2.202773150032589222e-01
-2.355021823019807226e-01
-1.248090161574721080e+00
-9.014084802949990927e-01
-9.748961975105477906e-01
-3.507792526530084110e-01
5.951130487812628100e-02
-2.565385484570534835e-01
-1.102338564423762435e+00
3.004380249065289332e-01
-1.314477044781883652e+00
-1.834541754015080128e+00
-1.377705593793323358e+00
-3.370803652536291661e-02
2.196238051712096073e-03
-1.136947368466532771e+00
-2.188659832295840602e-01
-5.671322336089481553e-01
-5.538213505965106087e-01
-1.325108918839043470e+00
-8.745822122317534753e-01
-4.141133735883086309e-01
-5.446063103649689818e-01
-1.095374545075716854e+00
-5.592518214945951804e-01
2.626982420805157314e-02
-8.161316386530215183e-02
-1.613738550521176540e-01
-7.724685694218698107e-01
-7.309187552452356407e-01
-7.190997862905742499e-01
-1.434112057910511773e+00
-2.534324882968519432e-02
-1.017161545317015747e+00
-1.345704169503849634e+00
-2.734232325221286342e-01
-1.651574973278112091e-01
-6.920822134418159743e-01
1.500016562912128704e-01
-9.394732754830955601e-01
-4.656959314941133132e-01
-6.263378568264208468e-01
-3.232370950951249933e-01
-9.683618778049569720e-01
-1.132381738969326479e+00
-3.438513812784796397e-01
-5.359832930673812390e-01
-7.030876525142644162e-01
-1.916535252597518779e-01
-9.228934133970816411e-01
2.244039809390274143e-01
9.475962954681280692e-01
-6.515628350342477226e-01
-3.376192211414655309e-01
-6.074641579585899898e-01
-1.140350831392169306e+00
-4.900317744878890935e-01
-1.087263575509934466e+00
-1.328546483631788955e-01
1.619051474289951997e-01
7.013228715832663385e-01
-1.923190221884648610e-01
-1.028739566046019682e-01
-2.180849271935172140e-01
-1.474078078650002288e+00
-5.520565804187691494e-01
-1.102138697094860870e-01
-9.141089091305508729e-01
5.882350218535270514e-01
5.967272044718734403e-01
-1.153975381311155013e-01
-5.049432146694898815e-01
2.874290809316108475e-01
-5.709531875397848288e-02
-1.715568157933386462e-01
-5.535604311302727565e-01
1.188862013549966345e+00
1.260900051504912911e-01
-9.655373374352198557e-01
2.863684830711208384e-01
-3.799026859918280818e-01
-3.269262603587585470e-01
-4.782838355972177657e-01
2.544564395071703400e-01
-1.060736198314085943e+00
-2.553360958787931345e-02
-5.889831639666516239e-01
-1.540159015332309034e+00
3.870993835680870965e-01
-9.397048067046301911e-01
-2.267471522475577594e-01
-1.697718621303608288e-01
-4.401304343697061694e-01
-7.573201074079093376e-01
-2.179487357916887191e-01
3.149287158587195101e-01
-1.265282363146237099e+00
1.510816410126158971e-02
-1.813465911347868498e-01
-4.720700147108247702e-01
-1.202018742405773333e+00
-5.032544831650029860e-01
-4.567020732827983820e-01
-1.120530699271682806e+00
-1.285149135743546278e-02
-6.991422164700458186e-01
-1.165215407698935834e+00
-5.339796615312324413e-01
-9.592384805450928642e-01
-7.635271203529147011e-01
-1.622303727705220799e+00
-8.318222169966528190e-01
-5.506699816986349028e-02
-1.378050442041156565e+00
-1.847020680941559023e-01
-1.183196207884154250e+00
-1.422716559512772649e+00
-1.101612142861001287e+00
-1.287072824116215708e+00
-9.819279700877828754e-01
-8.103760710057329453e-01
-1.305055247706812027e+00
-1.497180180064599631e+00
-7.922959631030136451e-01
-7.000601954204825894e-01
-1.348885556436138833e+00
-1.108734801712860651e+00
-1.156250670953642423e+00
-9.794133491904477573e-02
-8.704889434803204651e-01
-2.213230992876344949e-01
-1.239597544675594687e+00
-5.067988993208285553e-01
-1.819165175919397748e-01
-1.225358171216868186e-01
-2.922752532071737352e-01
-9.204670190011647879e-01
2.536487762770479604e-01
-6.306011448093006289e-01
-6.814797113598028977e-01
-6.837301223218830160e-01
-2.206689041367382309e-01
1.991024487367615281e-01
-8.745789891293542784e-01
-2.711847336359939908e-01
-1.640446942477628012e-01
-6.008691692038605758e-01
-3.411446245685250123e-01
-3.994603516600509496e-01
3.911818438262623654e-01
-9.279264508037845527e-01
-3.017822532664017343e-01
-6.647422933305039416e-01
-8.131560050388544347e-01
2.212842106248527618e-01
-8.248788978105411895e-02
2.198616847027928811e-01
-5.098595617031853600e-01
-3.125119709906759580e-02
-6.070330838436808207e-01
2.688012686154849784e-01
-3.145351305317632407e-01
6.455845445969718988e-01
-6.822902999006632552e-01
3.620987962574298558e-01
-1.366035356834185699e-01
-7.420551869652993737e-01
-2.571891636720859964e-01
2.978829063385228237e-01
3.144408053526819291e-01
4.443827429495370018e-02
2.061922825914672686e-01
2.797623164645402505e-01
6.631023824888911955e-01
2.058935534365291531e-01
-6.356763626985117988e-01
-2.583075826578483669e-01
2.414635109635765442e-01
-5.061957385683041322e-01
-1.380947243664644608e+00
-6.056686462843824392e-01
-4.806798768539460864e-01
-2.785854570581808853e-01
-1.858390150943966812e-01
1.316934757724804728e-01
5.838769483278105632e-03
-2.303583203731579820e-01
-9.518313700978855429e-01
-1.512102680305902891e-01
-9.256542204683551045e-01
-1.397486258825464400e+00
-3.919751064812352359e-01
-2.670390004165508757e-01
-8.148287594758474306e-01
-8.608331198084420155e-01
3.368456892176728834e-01
-1.710866219154075996e+00
-6.922249220533969183e-01
-5.450059563101580240e-01
-1.223868994060980153e+00
-1.168827629709459748e+00
3.370687037237749539e-01
-5.281239991971937719e-01
-1.078486366623400361e+00
-1.181137141383599376e+00
-3.935346133867684282e-01
-6.224172117965914852e-01
-5.510799855614038067e-01
4.223352152034298701e-02
-7.091075806398877690e-01
-1.491716796792982747e+00
-9.762224455406434132e-01
-1.471708385988306222e+00
-3.047529551572055739e-01
-1.185635926657603534e+00
-1.152532785937726789e+00
-3.166727918755508631e-01
-1.276757677128953938e+00
-1.629664039279889121e+00
-1.707002280639277725e+00
-7.087616092107664745e-01
-6.153240290452832717e-01
-1.077528217168747027e+00
-1.356178185239966361e+00
-1.191323972177146029e+00
-1.017523104274311363e+00
1.328458508858976206e-01
-2.457658251917131942e-01
-1.464175125098708508e+00
-4.708596909687434717e-02
-1.018694583425591160e+00
-2.984755434923146433e-01
-1.491079948024704116e+00
-6.752853066130986015e-01
-6.603662076291534344e-01
-9.806344113599136936e-01
-6.975037466083976456e-01
-1.525095938596006118e-01
-1.222665324895255701e-02
-7.408921376468434739e-01
7.390456125465783010e-02
-4.756022415924077151e-01
-3.427928406128405436e-01
-6.473853936842266510e-01
-6.067873440920266148e-01
-1.209552867120564645e+00
-5.160675005506843993e-01
4.459212965755591229e-01
-4.115587833630039438e-01
5.188419903846164249e-02
-8.231045769414506719e-01
1.197719743243684243e-01
-9.728838836910017052e-02
-2.194823914385015118e-01
-3.393048848455574862e-01
3.703158345323058764e-01
-3.423442051479808068e-01
2.255748495810809273e-01
-4.004680428644578072e-01
-3.611580894420903798e-01
-6.650371332535442992e-01
-2.041126681277825594e-01
5.830041558625608245e-01
-4.901941449439284337e-01
-5.867468045465600301e-01
1.725030480426164026e-01
-2.726414125221979790e-01
-1.971418682432231062e-01
1.360979550163128105e+00
2.849746016727770503e-01
-1.535863384363587159e-01
-9.053754087633427705e-01
-5.310624124110281397e-01
1.354391115223031183e-01
-3.120245151878431322e-01
-4.537853327688604055e-02
4.115676785055670805e-01
-3.108082650649283130e-01
-2.423129413836355162e-01
1.379055585428831665e-01
-1.977659796529051550e-01
-6.892541723685756683e-01
5.094301447572395780e-01
-1.635114168736850893e-03
-2.216952045254153292e-01
-7.704276275360328885e-01
-6.179669076050121612e-01
-7.321732743421600631e-01
3.290987650484213378e-01
-5.839223521175525011e-01
-4.743789230038014670e-02
-7.574373032138834727e-01
-7.072159561510280579e-01
-5.366422108222911325e-01
-1.284037847880208361e+00
-2.884564161194859699e-01
-1.163548775007541725e+00
-7.877740979851017844e-01
-2.419960886464374017e-01
-1.354624707640985637e-01
-9.532596614903228183e-01
-9.536492666648401784e-01
-5.041393279718306975e-01
-6.774462139330902355e-01
-7.774534430548956099e-01
-1.103266488884467877e+00
-1.696554354539047127e-01
-7.379855683525977650e-01
-6.776492231469090077e-01
-1.654062185377807026e+00
-5.708680325394137611e-01
-3.756337364665018885e-01
-5.348338662214858763e-01
-1.179778049916384575e+00
-1.190005892459432113e+00
-1.030187732125091404e+00
-2.778939835571720973e-01
-1.834124978635130354e+00
-2.135210210649036711e-01
-1.506342183609367114e+00
-8.994857459850994497e-01
-8.576531781910665675e-01
-1.603288593377391269e+00
-1.334438004520519527e+00
-6.856111612482518325e-01
-8.741766669088576469e-01
-7.102577610667001329e-01
-1.124544326635137814e+00
-1.360388628031784286e+00
-9.616974898141347206e-01
-4.539021083431233339e-01
-2.346157871511152515e-01
-1.244198061672767253e+00
-9.740002926471299505e-01
-1.314118505806825432e+00
-1.487684707794031391e-01
-1.195939508348587754e+00
-7.045598736799186801e-01
-3.707287648390231727e-01
-2.524194976794229550e-01
-4.195751158669057124e-01
-3.003405092987289082e-01
-9.181773269123851833e-01
-1.085696178589881100e+00
-1.173593078987744898e+00
-1.081160644547827454e+00
-1.725482412366047491e+00
-7.776787995411488241e-01
-7.547331229755580573e-01
-2.445738322134836662e-01
-4.719229485412499425e-01
1.805023888649148756e-01
-7.767756564860246460e-01
-8.571348992556888646e-01
6.276631054898801354e-02
-4.127417804780164068e-01
8.099047910484796775e-02
-2.698267348390825382e-01
-9.828851482457049427e-01
-1.509755126125846836e-01
-9.787914657174137667e-02
2.292653638655301196e-01
-6.925771426574863776e-01
5.513956487414932717e-01
-6.102676866102351161e-01
3.553251858558853504e-02
4.543763269175162267e-01
-3.339432704771128635e-01
-2.461904300882556684e-01
2.390889493100568086e-01
1.091848908734669221e+00
4.356252095161947113e-02
-2.429958186368304518e-01
-2.649508018946388210e-01
-1.317108679939072768e+00
-8.256831029041800107e-01
-1.577546425396723351e-01
3.492505139094997935e-01
-5.755227025367079530e-02
-3.618927176997064343e-01
-2.795248904502760645e-01
5.311719926188596119e-02
-4.630998429037027631e-01
-7.782310081107359778e-01
7.798600797818677766e-02
-3.489154670553632487e-01
-2.993428157027087644e-01
-6.312680054573640565e-01
-4.218201839189568148e-01
-4.918332740138507408e-01
-6.735642892585583796e-01
8.717098389376798373e-02
1.088894919597946931e-01
9.300171860820327652e-02
-1.459476275325505057e+00
-4.536830973337891981e-01
-8.563526347817370654e-01
-1.412503353702879050e+00
-1.799626732269910434e+00
-9.130726477408652730e-01
-9.978904955853404868e-01
-1.074377919216479738e+00
-3.341715004291588298e-01
-4.422672392592761903e-01
-1.882118284974830580e+00
-9.018332420492898294e-01
-1.056390150750149415e+00
-1.459321276274238022e+00
-9.894358796356123031e-01
-8.152419509807837805e-01
-2.603615915668726633e-01
-5.136951012258097471e-01
-1.468839569387031085e+00
-5.836312908249472464e-01
-1.883306975196837874e-01
-1.043206313755305814e+00
-1.203011356718307390e+00
2.317897663205381598e-02
-5.669326574788002837e-01
-1.071664197999798951e+00
-1.250075234464864238e+00
-1.482951360539357388e-01
-6.232649237873096881e-01
-5.551574466941098240e-01
-7.378012076555091614e-01
-7.215667892630601710e-01
-5.862820016561269831e-01
-8.481779053670847057e-01
-1.627650811092386185e+00
-6.280011997472969565e-01
-3.139369184005673108e-01
5.184706445493205695e-01
-1.179999648409645996e+00
-1.234733826580716620e+00
-6.921740032817296218e-01
-6.327575210218111534e-01
-1.332339077889990619e+00
-6.227359984692990569e-01
-1.325870683200951028e+00
-5.892863180145527791e-01
-2.855294357926790871e-01
-1.178167124763133344e+00
-1.182231953550283987e-01
-5.847403279581675495e-02
-6.964733324380283364e-01
-1.982619322893362512e-01
-3.673553996081854178e-01
-3.183448701641467538e-01
-5.059261528812120101e-01
-3.224533569718635029e-02
-3.196874535235659232e-01
-7.135653698597463901e-01
1.567837586544118533e-02
-9.283653132270962560e-01
5.477530032271645810e-01
-3.098860604988168399e-02
-8.513548203902134848e-01
1.561631822326393637e-01
-4.703231080742412695e-01
7.950887079163215798e-01
8.510539337017056227e-02
6.124582051571442198e-01
5.989666483420211240e-03
-5.439079797207428679e-02
-2.348744785403670821e-01
-3.987237439080124624e-01
-1.617395995584610668e-01
1.066083610699326112e+00
-4.534543197428536621e-01
2.476974113439102121e-01
2.932576403545764654e-01
-4.784788212826966702e-02
1.985488008468593302e-01
9.744354357398957167e-02
1.747786792325702887e-01
6.285181354347006977e-01
3.880315857091226617e-01
1.573808597538670639e-01
-8.010172179898840117e-01
-3.522708814983062653e-01
-4.113809287486950850e-01
3.489723037814245754e-01
1.188707333855176795e-02
-6.611512848614652382e-01
-1.072616102107734615e-01
-4.634804559450537154e-01
-1.401902042313343255e-01
-3.677866136100031991e-01
-9.201715038336022445e-02
3.924731264285943322e-01
-7.396228049697715079e-01
9.307552571805999264e-02
-2.790240309415326636e-01
-8.383866026055830645e-01
-2.638501431160228949e-01
-2.996281850877722253e-01
-1.007850018976977902e+00
1.974247391896847281e-01
-1.114421420400467433e+00
-6.599373397030203758e-01
-1.267880583468941946e+00
-9.722741908675980316e-01
-8.324845458226631800e-01
-6.910257192926942960e-01
-2.548704373010612922e-01
2.275656639414824767e-01
-9.622011689937878254e-01
-5.888562265300956167e-01
-7.909289090891236107e-01
-2.059224915517294807e+00
-7.286836588712466423e-01
-1.478274046382693552e+00
-6.040773304317831327e-01
-1.147162326484945982e+00
-6.113673410451077039e-01
-5.911040601829656849e-01
-1.748191127349623120e+00
-8.236949924295932091e-01
-6.127428345127039488e-01
-1.401988351302112523e+00
-2.156028010264410266e+00
-1.212000178748698254e+00
-1.416692175613972315e+00
-4.768647346402369869e-01
-9.023992363545334516e-01
-9.486281228029651569e-01
-1.620939446217707136e+00
-9.215569858753540622e-01
-2.474606744059520969e-01
-8.476568203060794726e-01
-9.787585512745762273e-01
-1.043002385777157315e+00
-1.071276291147499782e+00
-4.300946212799151569e-01
-6.765108412229884349e-01
-6.725171328611340149e-01
-6.324084420359862291e-01
-5.244650230230396559e-02
-7.798489261669399042e-01
-1.598336609967320632e+00
-8.375154662930710536e-01
1.050762914033466222e-01
-5.811306357160384017e-01
-1.061636197634700407e+00
-7.368201401693109664e-01
-9.765803858968000739e-01
-6.099997516072644954e-01
-5.151305597353179611e-01
-3.398096842993285072e-01
-2.508144303265461006e-01
-4.412152241848696366e-01
6.546626764119428676e-02
-5.496591359212484873e-01
4.363404906918407766e-01
4.907984396985104469e-02
2.617736766641450830e-01
1.536224319151293094e-01
9.413193321013744175e-01
3.953444212424277460e-01
-1.989169493642516384e-01
-3.139000038148117566e-01
-1.392716673849277997e-01
3.679242316253889533e-01
-1.277050014226605579e-01
4.526701231714773399e-03
4.260067025348719394e-01
1.064384545761241307e+00
1.422320082710990752e+00
1.863807055244461885e-01
2.486551680163406886e-02
-3.844680857013194064e-01
6.058336319577622281e-02
3.494298413015248794e-01
1.534142725660004314e-01
-6.237966392592062537e-01
9.793407669841815155e-02
2.053963602414254352e-01
7.039368681100535152e-01
-3.930272404931378638e-01
9.219216923725279678e-01
1.447848443217875092e-02
1.530978590532133587e+00
1.115002502101511084e+00
-5.104702261934983554e-01
8.792898567386280284e-01
-1.956191436594955091e-01
-1.074361614952857313e-01
6.096551880317923056e-01
7.040963602983275615e-01
8.001584379310178186e-01
-3.076807582677406616e-01
8.441832803015021369e-01
1.450457445048490834e-01
8.174169851093520123e-01
1.611528683412191576e+00
7.642312405703561851e-01
8.321392834768633895e-01
1.165278909866096502e-02
5.911196254750306078e-02
1.216105876657595397e+00
7.199527252573647562e-01
-3.660619091661223568e-01
3.424260141639568489e-01
5.646788475324675538e-01
4.147585066113331775e-01
4.379040935043604366e-01
6.669500436280961786e-01
3.176604302064267582e-01
1.283231128065895232e+00
1.050851871982474428e-01
1.872637197087498429e+00
7.506793796993607160e-01
6.803320800419172532e-01
5.279420762329387617e-01
8.243330080215588440e-01
1.026239407519214719e+00
3.720476789404757456e-01
1.150621512560971116e+00
5.809538163499630148e-01
6.024983893529012313e-02
1.567417782618100608e+00
9.485709440168867967e-01
5.806016266811144799e-01
1.902024322722769778e+00
1.534156659971056769e+00
1.342807033100306136e-01
4.162510272056999527e-01
1.407820591003487554e+00
1.100701768778999501e+00
1.262392464415354354e+00
1.194642520366997251e+00
4.892899545737818823e-01
5.887339798760409249e-01
6.361787343294996733e-01
1.776883410186778978e+00
3.124569102231077311e-01
2.392992111414770640e-01
5.727884919982699774e-01
2.330445061681788999e-01
-3.696445319184628042e-01
-5.077385556632441066e-01
1.448550288551830878e+00
6.934215826528776772e-01
2.452011940489077502e-01
2.644243831950572887e-01
-3.235354456822115421e-01
-7.656541197421545819e-02
-7.591738001899089872e-02
-2.893787361712030215e-03
1.850829647367759623e-01
2.035809548309492623e-01
5.848946421378178329e-01
2.600191033942115815e-01
3.208991026756108367e-02
-6.291480757351675113e-02
1.159835732450527956e+00
1.855403352977802456e-02
7.004163611503024800e-01
-7.396058594849055923e-02
-1.505333425735093655e-01
-5.579767244626203659e-01
-8.394687491278137736e-01
-1.000280669780097415e-01
-5.848563500741201793e-01
1.942762072289299369e-01
1.829815409193534248e-01
4.358723379944802745e-01
3.130233001305624541e-01
-5.895104047215753429e-01
-1.727073852845734669e-01
-9.187259996798832762e-02
-1.021828618538741518e-01
-3.978136539713924558e-01
-6.388118779097948785e-01
1.637686382505819105e-01
2.570257504843098673e-01
8.290281114925013295e-01
7.024114434096054294e-02
8.305016843318984154e-01
-9.147391976584373641e-03
8.691426945648836888e-01
3.589265809120517070e-01
-3.566777032345434528e-01
5.992017369343209943e-01
1.300511895781001070e-01
8.763499023653251729e-01
4.821176637159596545e-01
7.070744434167384185e-01
6.109751349713880009e-01
4.262072600635964936e-01
5.541619480668490416e-01
7.374815762967980026e-01
3.401609975795021890e-01
-3.225089248295754940e-01
-1.156268545171622586e-01
-1.891726895417115140e-01
6.922994157837533136e-01
9.717403162819502338e-01
3.791840022712034131e-01
5.895734217538719513e-01
1.424430473401264274e+00
1.051984447663379063e+00
5.933984616190263184e-01
5.806451839441877372e-01
1.144080985711754872e+00
1.226245050289924698e+00
9.271912443185927888e-01
3.018995406042260798e-01
9.407278168043829991e-01
3.575613504846644197e-01
1.629940298608686611e+00
5.275986882171967984e-01
5.712851949939439233e-01
6.380634044368613811e-01
1.422217080658636945e+00
5.580085426907787083e-01
9.227582365704309897e-01
4.495545817258612686e-01
3.490001903205401934e-01
1.174792354005439909e+00
7.083061489619292272e-01
1.220746530477462288e-01
3.234652791660145299e-01
7.813395065660552197e-01
6.756065068698943188e-01
8.600891990769111706e-01
5.991128891481153351e-01
2.654038049499501950e-01
1.171634483351040812e+00
1.352656950371099676e+00
8.637399304243573717e-01
6.158860054754752289e-01
7.829082460407631450e-01
-4.170796698155532223e-02
8.528314196538590020e-01
6.607442118942833398e-01
6.999889121325323371e-01
9.805696763724696119e-01
4.517534501054492058e-01
5.482528405852467035e-01
3.106290620008150261e-01
-8.798981849695097779e-02
1.306011682132574681e+00
-1.414679121919392712e-01
2.540005994581834292e-01
1.335142110291611672e-01
8.355031546523195018e-01
1.230317038410472796e-01
4.722934947328698563e-01
8.092934873019257402e-01
3.695641626162161630e-01
3.521325959654560966e-01
-2.042197454802672230e-01
1.129407267850647933e+00
-4.160485474011247353e-01
2.023913161058581156e-01
9.060959354730976911e-02
-2.133501944806122097e-01
-2.524195975108469714e-01
1.001567225615774159e+00
1.227757613216711619e+00
6.920939635349319108e-01
8.241459097030395808e-01
6.382203511972328602e-01
1.285306588882524914e-01
6.906488678426351280e-01
-1.303577013885025004e-01
7.282488277490793971e-01
-2.515778300941448609e-01
-2.439665313430639526e-01
-3.666250398081685180e-01
4.067875531517791687e-01
-9.968688064089560319e-01
-1.492900088389563507e-01
-4.765732965117452924e-03
1.495704082632507981e-01
7.320841273947786831e-01
6.724457403506671760e-01
-2.479467733426852227e-01
-2.626063561185529860e-01
6.516793652546075677e-01
8.805737615602231561e-01
-2.040985586796117968e-02
1.009080550588311032e-01
7.009685688892308697e-01
6.374677201294551843e-01
8.388245249392448644e-01
3.694214652004967903e-01
3.421764005817807819e-01
1.714734729439886252e+00
6.403725980904759751e-01
5.911603555859492598e-01
9.821138244646636650e-01
4.574026823325791913e-01
6.778661831685004469e-01
6.093086791710213834e-01
-7.561888821142709327e-01
5.701818555730244764e-01
1.069348046412432751e-02
9.472117263017509892e-02
2.931295535269863861e-01
8.542946010275617175e-01
2.734806010873058746e-03
9.775603409459640014e-01
-4.973181244593680717e-01
5.701093369710679148e-01
1.605102046329181409e+00
2.208222227105762769e-01
7.700272433663646332e-01
6.854943116224037070e-01
1.686361083704310815e+00
8.802111806440786612e-01
6.143652697126957829e-01
8.755134849509645933e-01
1.446935719592662428e+00
1.068363493750270843e+00
9.106731533966013759e-01
6.356873240841627304e-01
1.057634429696479916e+00
9.986159558849612150e-01
1.159720172972931396e+00
8.092838042277146204e-01
6.438427274887510432e-01
7.103925517778668652e-01
1.427518659808596713e+00
4.944301832457355106e-01
5.882257286193646184e-01
2.734681715040807592e-01
4.677440859108096260e-01
7.126442963124823837e-01
-3.821204264021504926e-01
6.667514137604368951e-01
6.576421719530005650e-01
-1.417851039248854139e-01
-4.447598314463366842e-01
3.590828185349339563e-01
3.646873011182805158e-01
-7.529715609477916072e-02
9.370308361551671350e-01
3.412847417774721448e-01
4.091140252219293560e-01
-2.559706144018195628e-01
8.025170545075891448e-01
3.148627922509354415e-01
8.402468243797713843e-01
-3.325406642919622180e-01
-1.638966853765299048e-01
5.530384151133911352e-01
2.610551818914303435e-01
-4.756514595869502648e-01
-4.077189209708984019e-01
-2.339874036491290665e-02
4.081555333762335591e-01
-2.751648611923210863e-01
-1.967813670278731886e-01
3.348244675585126950e-01
5.214416028206418918e-01
-6.140885894757544539e-02
-1.532708499594077345e-01
-8.711257550074244516e-02
1.500227101166030363e-01
-7.390970979608404434e-01
4.919917314691702459e-01
-1.661121835206622321e-01
5.770605540468549677e-01
-4.756773907642147248e-01
9.571427341972603697e-01
2.728812760136186122e-01
1.749838358537084138e-01
-1.199740139958515445e-01
2.926081616547069331e-01
-5.481830769654962854e-01
8.875381645386216933e-02
5.500440531063538474e-01
-7.261439864004370914e-01
6.869644791527041994e-01
1.645481969228376751e-01
-4.294157463981862488e-02
5.717441320086924517e-02
4.871088624118529165e-01
5.200962084940971564e-02
2.396341044796050923e-01
2.605941164340164207e-01
-1.549336147706078526e-01
1.058660059625557315e+00
4.710673284163185981e-02
7.248946724019612597e-01
3.840235392001904446e-01
7.938252788061355147e-01
1.834699696854853457e-01
4.063254603169292323e-01
1.711981387503629382e+00
5.854869355841230139e-01
-1.634626101010491217e-01
9.220249592907264757e-02
9.084824160379733060e-01
6.997773190904816865e-01
-3.403637725852931561e-01
7.968122152971867100e-01
-2.698922233783873637e-01
5.642176364477570205e-01
5.013562507530366918e-01
4.366615207573432134e-02
9.607296364498087993e-01
8.219566089265119002e-01
9.285877828141148038e-01
1.111801074100896347e+00
3.270920685596447886e-01
1.483799453247905298e+00
6.500902097393751466e-01
4.039311367734460534e-01
5.160759810995241281e-01
3.606621521577609846e-01
1.497316396430266261e+00
1.135022171030455773e+00
1.292717968940385376e+00
1.201606087814001356e+00
1.662292754840540621e+00
1.014059600056370858e+00
1.466710200404741427e+00
1.749820563366547566e-01
1.090958002361711365e+00
8.982889283291415339e-01
7.755634617087490135e-01
3.355072064240571805e-02
6.878739890287117742e-01
5.416718509263651615e-01
1.060264974277325134e-01
9.280882806373605964e-01
5.057195134035317174e-01
1.692001981469619665e+00
2.420392484500045183e-01
5.519985188742027038e-02
-1.398160074177579038e-01
1.736572395620837872e-01
1.193638445634544354e+00
4.413777721685939737e-01
4.125672965780402546e-02
1.147616941748477615e+00
4.789129830131471643e-01
2.180404671049868126e-01
1.146082450640314998e-01
6.932623696597363105e-01
1.031142059166367586e+00
7.592676664637438844e-01
1.181668427457953641e+00
3.830290054163524860e-01
1.033855380153069214e+00
6.526740581766172777e-01
8.426332894414820807e-01
4.173738879573236638e-01
2.733059302105035893e-01
3.493505209533214750e-01
-8.028146237443583022e-01
4.322859413232862380e-01
5.233531314575083915e-01
8.138200731670144350e-01
1.963259385821990166e-01
5.278807346076526130e-01
1.830230529592703770e-01
1.280122363253150208e+00
-8.931179442002750157e-01
7.578972329306472577e-01
-8.176842619216893038e-01
2.106822260614931441e-01
-7.933711165096762885e-01
8.906526332805423385e-01
2.663867528616327141e-01
-8.140629534427450409e-01
-6.382680214349318870e-01
4.745490434113402989e-03
1.112037929572952333e+00
1.086255182849521717e+00
-1.444102093203108172e-01
-5.000486706541691362e-01
2.993827996421072335e-01
2.099742139202990521e-01
1.214160327925241312e+00
7.406597815067331170e-02
-2.380700317657508114e-02
1.034086696837150487e+00
5.185086538506270548e-01
6.742924121255661207e-02
7.425195792831464914e-01
8.044535971448555367e-01
3.120074138709728606e-01
6.661875017013189071e-01
7.007510858372217877e-02
5.296680303339877938e-01
6.749979012903766229e-01
8.727709140424209089e-01
5.623548323190761256e-01
1.330750987819990572e+00
8.056864786722555127e-01
1.160630301163359412e+00
1.350033805279213350e+00
3.158081353871189378e-02
1.013891708788175805e+00
7.399049490693134778e-01
3.815496715297764241e-01
3.945913791724371400e-01
1.098718882700388866e+00
9.678486891917061907e-01
8.896785656301775536e-01
1.471384638612559526e-01
1.788997403347415194e+00
1.587025690356760332e-01
1.320973488731258971e+00
1.553626185470623478e+00
5.117358779691190129e-01
-4.941937998403767018e-02
1.961956817606455239e+00
1.634587228886130728e-01
7.064866578806578978e-01
5.199230282201063869e-01
9.168629064543151186e-01
2.052682450189625918e+00
1.052704155994536261e+00
7.619260956659313910e-01
5.290270900640348106e-01
1.309703787835053923e+00
7.535061585196523026e-01
1.469586369829914307e+00
1.125662944715877467e+00
3.746124642997106791e-01
1.237691788925288305e+00
1.765836049616175130e-01
1.193963346692630711e+00
1.333626885655690097e+00
1.285102163186202961e+00
1.292274826065816562e+00
1.029763552702641194e+00
9.986916194547147407e-01
5.797349897709537236e-01
8.863380740757538234e-01
9.284860424041876392e-01
8.042890315016724134e-01
4.360162445737818526e-01
8.994282619189236661e-02
9.648750171702019651e-02
2.432828690829894058e-01
6.249271448376765292e-01
7.029288833781290879e-01
9.251112776741922117e-01
2.629699936665222948e-01
1.106649781273745692e+00
2.849650152594349617e-01
5.895459377552229041e-01
-2.851239182021751972e-01
-9.016789340842235045e-02
2.633409502162137872e-01
7.296077359163473108e-01
-7.724552858369322372e-01
1.271690955974305037e+00
-3.062952521140543949e-02
3.430215750675768005e-01
2.089605785145399741e-01
3.005015261958516870e-01
5.372380412938255745e-01
-9.214053622991192904e-01
3.684726967610942316e-01
-9.144037575563185305e-02
-4.313316209298989068e-01
-6.475181981445521373e-02
-5.045753454793614479e-01
-5.013660754017595922e-02
3.186715500322919725e-01
3.089519177926273730e-01
-1.939155838499854734e-01
-5.912907653704724265e-01
2.522453976822068844e-01
9.888046701374553216e-01
1.653478384129213608e-01
-5.092880319904968811e-01
6.180958987781767777e-02
2.164357147783104451e-01
-4.452570331535292691e-01
7.470582472114778438e-02
-1.334934999963843794e-03
4.578693005531513371e-01
6.946443948930254297e-01
5.129595312224832782e-01
-5.196930083300548286e-01
8.857220087979325029e-01
-1.071807141549902642e+00
1.598603752539977940e-01
8.113359261882735485e-01
7.254087969778577616e-01
8.377006454530382396e-01
8.094492831160189361e-01
8.237543758151173456e-01
2.389524714601121702e-01
6.764953381821808831e-02
3.784164586850496947e-01
4.519398252211751510e-01
5.885090146348750384e-01
-9.422736614065353455e-01
8.322645487929785091e-01
9.114275893410064278e-01
-1.851825292723645600e-01
1.220109449360508247e+00
1.045086733858164862e+00
4.949682423474640602e-01
8.814752218898711522e-01
1.375693058851537476e+00
1.520737430391867928e+00
4.014358990470898170e-01
7.883833895732221819e-01
7.165429485565273371e-01
1.352744531469215028e+00
1.451923853352785398e+00
1.453916099627492686e+00
1.666108134181934375e+00
1.726743569202193962e+00
1.008729695305255580e+00
3.882891870147938684e-01
1.539267197232636830e+00
9.936254416322771732e-01
9.155176386315662107e-01
1.050308095595247293e+00
-8.887575130277380886e-03
1.419513986468234901e-02
1.356081228189645493e+00
1.705935481502753426e+00
8.993918054888809799e-01
4.237769385464729144e-01
7.757909801072983003e-01
3.062850468197607090e-01
9.698655969555999290e-01
3.423375091537602666e-01
4.643153117023517962e-01
4.671790000455606773e-01
8.918117475599793842e-01
8.417389305515784459e-01
-1.072428419961291013e-02
8.489590179342325627e-01
6.731844605100723022e-01
7.991279255806367221e-01
4.829046975290117172e-01
1.525376830167042730e+00
9.599027650907541176e-01
1.963358773138341729e-01
7.265402567361132213e-01
5.702361898711005850e-01
1.596373108242836736e-01
4.368130117802110357e-02
4.531408559242072753e-02
-2.120916705607396313e-01
2.353597805144066468e-01
3.145732931484138128e-01
-5.317208777458748425e-01
1.404399455727640689e+00
1.133152156077606332e+00
-2.830067633085633361e-01
1.661068262009366414e-01
3.358740647359950149e-01
2.517185860681066534e-01
-1.518090412484978113e-01
1.260722150030075372e+00
1.121747027098439986e+00
-2.573505426778285865e-01
7.562502294070955200e-01
1.698857647338841148e-01
3.477962584361610210e-01
2.663980432236995322e-01
9.296954068714511354e-01
-1.880206267030495523e-02
2.051517572498363917e-01
2.453767488901313076e-01
-3.584333497506088095e-01
1.497233650654997139e-01
-2.262333898549486744e-01
1.047173956478686385e-02
4.073788432511371016e-01
1.535905132379864479e-01
1.151313755077947310e+00
9.064402169880602100e-01
2.583478891494881413e-01
-9.709409453211831353e-02
-3.124698715388898318e-01
5.765842061260122442e-01
3.638329403365216930e-01
1.203907371962208428e+00
3.545417361371250298e-02
5.701246939371549249e-01
1.559348555521967994e-01
5.284019698558214406e-01
5.372495410007170902e-01
7.244846444138790531e-01
1.409472066235143206e+00
1.550454211936144744e-01
1.067017226400278185e+00
5.970529762810633523e-01
-2.713665953703795486e-01
1.195751585217257995e+00
7.587601101337049236e-01
6.617546156991269690e-01
4.817193057169542048e-01
9.468814667568918875e-01
6.613252619472115290e-01
5.223395453110872833e-01
4.640458629051916195e-01
3.552303185330249469e-01
9.761751265237326169e-01
1.974370074292405075e+00
8.006470305426376388e-01
1.132302740426798904e+00
1.014871111875745413e+00
8.572207878505715417e-01
6.380964556180711567e-01
7.167419108799634175e-01
6.342694120046918904e-01
1.237480720405448764e+00
1.009684707753312871e+00
1.672818889569639200e+00
1.551846500864207279e+00
1.828558172195182463e+00
8.820043755664869201e-01
1.051217641131114489e+00
9.227130874347511114e-01
1.746077550225684671e+00
9.831477374906558708e-01
2.990129720262024726e-01
-1.501697170403115678e-02
1.274499723993554490e+00
5.244977875246742416e-01
1.444174591269457686e+00
9.876944869959053408e-01
1.331034289387830416e+00
1.189717352075381873e+00
5.897284556320162574e-01
6.495285510980568500e-01
7.878915225135535438e-01
6.324024005749638855e-01
9.063789628179682589e-01
-4.095447847120248230e-02
1.104899012562527538e+00
5.756228938993903643e-01
3.955578715400252521e-01
2.039309496351713880e-01
1.455010872517219500e+00
8.376310552367631779e-01
7.663295423437741505e-01
1.452310962574276942e-01
1.317426795484538671e-01
-1.007838736952507142e-01
-1.057260470693427434e-01
9.859771349344002012e-01
1.026521433121870164e+00
4.451131307290370764e-01
6.692339390469492777e-01
-1.297974526740520163e-01
-2.420884224035985133e-02
7.541586456059994337e-01
6.919081517094627376e-01
2.556388066090480304e-01
1.008640158300113110e-01
4.482462138225407067e-01
2.027190570497144906e-02
3.552847597801824797e-01
3.760669098004253974e-01
-1.265171916279996533e-01
1.013817753127352617e-01
-2.769301227560003187e-01
-3.337975789620981071e-01
-5.237430022942178853e-01
4.771713447101231242e-01
-2.619771727588434546e-02
-3.148448950771846055e-01
1.031161386446246414e-01
-1.004989792920003566e-01
2.957900796123694165e-01
-3.902857439686017171e-01
-4.108234558832184469e-01
-4.769787270135311119e-01
1.313602566379543646e-01
-6.318360730953528903e-02
8.048632651852185571e-01
1.873484708938899512e-02
3.428134348868657755e-01
3.631501755875788384e-01
8.711577792782643215e-01
-4.382640112959884648e-02
-1.900665952334745779e-01
4.680992843526521341e-01
7.906991428874291516e-01
4.498888217077694485e-01
8.100841307273998204e-01
-9.837285929681693908e-03
5.688060793886839939e-01
6.256952014779584292e-01
1.099155878846854173e-01
5.784520223947804407e-01
-1.804796777750961034e-01
7.203222999244064395e-01
8.362832649230056425e-01
6.680043317690104177e-01
6.535324084794381649e-01
3.963717680260817056e-01
-4.945384446958654978e-01
-1.113468668143373641e-01
4.545187083133426231e-01
1.023517556237192760e+00
9.777925006999674817e-01
5.534849557752049565e-01
1.198743401228462790e+00
8.854774262968709841e-01
-9.883302524616877083e-02
4.301783949815550789e-01
1.117290187596876594e+00
1.397439154091105085e+00
1.004619711672447346e+00
8.589218891314687188e-02
3.834390878869867736e-01
7.462109271539669741e-01
1.016049468204825779e+00
1.416010681667673854e+00
1.513081437994064249e+00
6.308244285467777823e-01
1.353203257205287668e+00
6.356172911449197160e-01
1.074942480490483021e+00
1.202697133387744977e+00
1.103851130281713111e+00
2.624430501125339932e-01
2.216953842322519463e+00
-1.891301867650366786e-01
7.173759809328409398e-01
1.847755281669157812e-01
1.126023510582972342e+00
4.036660102134892458e-01
1.168208226731049626e+00
2.019699476788376913e-01
-3.244897352967602844e-01
2.522427764738851552e-01
5.964657562013963021e-01
7.245329641908423435e-01
5.780580064921015948e-01
8.052373353185866556e-01
8.297121505402632602e-02
1.175826431347677836e+00
4.333038860746592502e-01
6.246500297838808446e-02
4.984819089731257202e-01
5.745670342927481355e-01
1.155826216412197738e+00
1.042466509508680250e+00
-4.248764230574696432e-01
-6.038796928228267191e-01
8.150691302466399613e-01
6.011988027918937494e-01
5.738079054411896474e-01
4.136422269012254294e-01
1.175614469718986865e-01
3.668017199961111641e-01
2.246541269352800851e-01
2.354650826104367767e-01
-7.056950480453044738e-02
-2.373816503714209214e-01
2.455459409969847351e-01
3.406768852003857484e-01
-2.660495669819417097e-01
-1.547806917392618997e-01
3.954075863520596923e-01
2.045161541424236895e-01
4.877404300545324367e-01
6.632322339742180439e-01
5.052373412369336458e-01
-3.516968504291987374e-01
-5.562564039785510006e-02
-5.565813393766050332e-02
-3.380934341934024867e-03
-1.059798438326817305e+00
1.438251492514304175e+00
9.443624810441637596e-01
8.070413946431396202e-01
6.841362631842933251e-01
2.563700548336510510e-01
5.299817064942196065e-01
5.469632287730935571e-02
5.843094578073096956e-01
9.485784212331507259e-01
3.656113920432160769e-01
1.019467335113884543e+00
7.808495524366203533e-01
6.453520686679730112e-01
-2.531017775249840285e-01
3.660432624743582553e-01
7.304756118272703880e-01
-1.041171910152806079e-01
1.174244388533567385e+00
1.910759922497574648e-01
1.275731481938213729e+00
1.738732649436644628e+00
1.065629918534306775e+00
-9.618087244064735808e-01
8.361975557115042257e-01
7.656326032827818207e-01
3.197096103795189492e-01
3.229424474481214502e-01
4.598864376146175603e-01
1.703338824902316251e-01
4.205529731607844934e-01
8.607741958690877659e-01
1.619060168404201638e+00
2.401469613347382293e-01
4.104561058658059980e-01
7.210247563546845484e-02
6.957647586918959126e-01
5.138090697980326471e-01
1.135446478434584794e+00
9.272969479165642515e-01
4.792599841078075684e-01
1.354770108315990651e+00
1.060216321743594703e+00
1.293713105212774384e+00
2.529061569975836754e-01
1.943677286662187864e+00
1.086368913110456580e+00
1.527333561796179850e+00
7.339013226153610070e-01
7.707190945518559433e-01
1.182086215023526732e+00
1.756288110426177163e+00
1.604975793699092712e+00
6.426890195932516425e-01
7.733594712668223625e-01
9.722261149834775518e-01
1.749293968472404037e-01
-3.548318928397642402e-02
9.675684279162493073e-01
1.090380173586802837e+00
7.307934816820899071e-01
7.847307714325912897e-02
2.077002908172263518e-01
1.029603135133087211e+00
3.244049733167305161e-01
6.162596246144118606e-01
9.529098767019179572e-01
9.434568779543606176e-01
1.188477618528078095e+00
1.145541732283464675e+00
1.018891552210289264e-01
1.191593280009253908e+00
1.025218324140145798e+00
6.658738058864587250e-01
9.598299228017093121e-02
-2.721684819437472092e-01
1.040674723370826005e+00
-2.215432949956158137e-01
-5.806364016409923945e-01
-2.395833835668212397e-01
2.594590268355597140e-01
-3.500239726792377937e-01
1.403696402052177383e+00
3.967691840553063676e-01
3.019696864530811986e-01
4.672455147727607727e-01
-2.314484437213670531e-01
1.870840559568180406e-01
-3.065410558365023741e-01
-2.407010473956840146e-01
2.581392789746810301e-01
6.996362389201106480e-02
-8.831940424347647367e-01
1.366301009136323963e-01
-8.747000974998047074e-01
-3.179938156365164637e-01
1.111238119895900378e-01
3.469998400231255054e-01
-4.144737072632359576e-02
8.243198028687134249e-01
4.261468216456368308e-01
1.112951091919137658e-01
2.296665189528199202e-02
-7.818737205777182009e-02
-7.555353822250794327e-01
3.890123167900230716e-01
-1.525042965765516789e-01
3.298164817127691162e-03
-3.185409426117577492e-01
8.700362344776884083e-01
4.238492617917178351e-01
4.841060548966041877e-02
6.479414875787747885e-01
2.755453195071376205e-01
1.622368288406963455e+00
4.112792922771107418e-01
8.723197281159447147e-01
9.960667389561177476e-01
3.600035876045257766e-01
5.758512918964836524e-02
-4.912660016622401038e-01
9.891523978485914359e-01
2.837516297115373343e-01
4.073823252490491598e-01
4.976838793886630419e-01
1.389834023504154414e+00
1.331069804385518252e+00
4.045569174753929076e-01
8.960678355805954398e-01
9.343028156700751152e-01
7.113893490704045197e-01
5.907897132213968394e-01
6.656654916758177887e-01
1.234580696178080306e-01
1.371668536655796578e+00
1.972484288603962854e-01
8.079602926811841890e-01
6.852280859253083722e-01
1.427376017607484338e+00
1.293474559840190441e+00
1.131719373461327782e+00
1.881283691496571597e+00
-2.899507551938380612e-01
6.724844397783871219e-01
1.030763984173080683e+00
9.182775785483163755e-01
9.090051823716834845e-01
1.312786948746348159e+00
1.145136464466662840e+00
9.364707403859312551e-01
1.149932604895842925e+00
7.808499069649392776e-01
-6.378170831861321721e-01
7.447717128936831577e-01
1.438395704548088183e+00
1.112706169619124719e+00
-3.175686124134262656e-01
5.233836138453099585e-01
3.993113190179757299e-01
5.440494153752136741e-01
6.714968998812187451e-01
3.886783978921773963e-01
7.248807811969670833e-01
1.848183825254001711e-02
-4.788076000326368931e-02
6.875388708734126997e-01
4.070958048718450462e-01
9.862240752995696802e-01
5.715535237328667195e-01
2.477083990313445061e-01
1.487405339165051577e-01
5.759433496953290099e-01
3.767794281623328967e-01
1.197570586550805283e+00
8.537189733063886843e-01
1.081534437366389545e+00
6.415069893195304296e-01
-7.428965364434914065e-02
8.537911596302245609e-01
2.929982742638511661e-01
1.825908223335853675e-02
-7.067738721668320734e-02
7.067162385706804439e-01
-4.110992345023603001e-01
-7.012520931525325629e-01
2.331929000728060752e-01
6.967029513416372888e-01
7.126409856865336678e-01
4.901744196359370531e-01
-6.743266323067799162e-01
-4.014859834932808513e-01
-7.064180462976069053e-02
3.401647229781101789e-01
6.030457180255764937e-01
-3.771416289778041220e-01
6.551549670533388658e-01
-1.219642612310321894e+00
8.226250310752268591e-02
9.708816415858454452e-01
3.950821933847317724e-02
-6.875771581561619383e-01
4.988233507987573367e-01
7.535931532786590559e-01
-6.812580056941131001e-03
1.903841462883668068e-01
1.071559538179768012e+00
4.550252779811322368e-01
2.585590682129120799e-01
1.869794607290105048e-01
8.056876221618920475e-01
1.250603385568891168e+00
3.173936029588506069e-01
4.880002894007527403e-01
1.445829756610896411e+00
9.015448154186425089e-01
1.253473444287971361e+00
1.222074797157958193e+00
1.148992842665865322e+00
1.613011892260859170e+00
1.428540737010494777e+00
9.544890508421263187e-01
1.319872668239070457e+00
1.615013263373242802e+00
9.839016240830106286e-01
1.735169344546397152e+00
1.660380831185253037e+00
1.673315977491846018e+00
1.023442748259420831e+00
1.614291548718973734e+00
1.401000492492990412e+00
1.162915192918656970e+00
1.575921383853105873e+00
1.134607820588173333e+00
1.082188246015162392e+00
1.562692589232457685e+00
1.126360062098160864e+00
1.555538738470224169e+00
1.902842975064411801e+00
2.062454560869402265e+00
2.409278714780459296e+00
1.667327565733745853e+00
2.268388284899559793e+00
1.190717711766059894e+00
1.469143760853705682e+00
2.380582551745944020e+00
2.062725956879571498e+00
2.623661950878328764e+00
1.727909204459297854e+00
7.129925967085848360e-01
1.867542129404779150e+00
2.002747016583754203e+00
1.851648241097671121e+00
1.297844477630368143e+00
1.224114575579152708e+00
2.264646396729534494e+00
1.814906494964701356e+00
1.527642740238896346e+00
1.768997776076454809e+00
2.100913161271676266e+00
2.308577896845105837e+00
1.747504319935959893e+00
9.069396661673829740e-01
9.425355921534130932e-01
8.172860133621711043e-01
1.619858737744503951e+00
1.421011024856714267e+00
5.566323934907322357e-01
8.586179369968327535e-01
7.752692846534183779e-01
1.714665587445392658e+00
9.012597700226983033e-01
9.314984400731034508e-01
1.293934468134865456e+00
1.001091991792241842e+00
1.022875619552684467e-01
9.734976904165917322e-01
1.453093774354532020e+00
1.140213809440976167e+00
8.797259785470162852e-01
6.767214179422060827e-01
6.996987623198881456e-01
5.652186198148092533e-01
1.089411546518712637e+00
7.338372667182506692e-01
2.149985570505287547e-01
4.812779295770021060e-01
8.369943586371788591e-01
2.694061747170734544e-01
3.970564016765125159e-01
-7.170227675210107954e-01
5.741626780983259959e-01
-5.997313947017271496e-02
-3.125666327675389877e-01
1.820463107689578586e-01
1.724223196891455923e-01
8.236095811965864488e-01
4.027425877940775112e-01
-8.363651201014181691e-01
2.200761300637679441e-01
4.646916755685152056e-01
1.800580457702846970e-01
2.231074144841424522e-01
7.325086497558115362e-01
-1.847245359376732399e-01
5.631630862772508683e-01
4.732710868121202119e-01
2.008624770867495357e-02
7.089434334868727206e-02
9.349294158826704226e-01
2.735601234680808402e-01
4.713446174534672295e-01
4.841789463902204105e-01
6.047802409087750242e-01
1.255067669586464874e+00
3.334259359660860511e-01
9.114629277752563929e-01
7.727268747092108647e-01
8.802099466691715168e-01
3.335121536443923507e-01
1.675230367703233636e+00
3.154896620286398168e-01
5.463056675303359366e-01
5.224463817549788169e-01
1.615374607833032883e+00
1.091935394878049914e+00
1.466629732902287042e+00
1.577281357943758788e+00
2.025429437231479390e+00
1.518866747675140294e+00
1.584534387145696721e+00
1.364994926631782013e+00
1.371357709254388935e+00
1.540364462965551740e+00
1.684612843450824737e+00
1.411637455775280880e+00
1.840494307098028415e+00
9.761952064339918245e-01
1.505322073130576976e+00
1.744722887317802007e+00
2.852384554903655278e+00
2.404385368140865786e+00
2.556724383552105628e+00
2.374262291557254656e+00
2.503372986728712668e+00
2.236260191549941378e+00
2.081576031143430594e+00
1.462863132089126772e+00
1.449130170042688626e+00
1.296016941217987828e+00
2.281787177997436356e+00
1.454262841462247158e+00
1.262149750112624425e+00
1.456669755286204238e+00
1.630490937601930312e+00
2.912726923411057101e+00
1.792903700508258646e+00
8.996600617460659421e-01
1.885617537068558169e+00
9.104996204298612117e-01
1.668433341521760038e+00
7.090784542545357505e-01
8.058806323498154400e-01
2.132795211038503780e+00
1.335521699417591579e+00
8.511107085442275455e-01
1.052810674157927284e+00
3.595766688882040540e-01
1.742241430754952747e+00
5.820662868057117079e-01
3.686900335752805180e-01
5.077894714073436511e-01
1.072241820476588225e+00
9.045027124732102353e-01
7.041619834589996074e-01
1.155655366871908951e+00
2.129138352964004000e-01
1.187586824969133925e+00
1.186542979486123972e+00
4.427730406838440436e-01
4.822732342526140359e-01
7.520570784749567306e-01
1.351155111987041302e+00
3.762923409655895557e-01
1.097033106133272207e-01
1.602243024374466529e+00
7.116256791638118084e-01
2.009147494857951299e-01
1.145121753694539612e-01
2.863395666126136163e-01
-1.920208011798613668e-01
1.168762561055655791e+00
-1.179770621281887699e+00
-1.511917443939385652e-01
-7.239993016049114938e-02
1.703892198469395824e-01
4.731117387334329294e-01
6.487303885419733185e-02
4.630414283717405877e-02
-7.865479047288768122e-01
-2.750424411952298032e-01
2.467850006955910058e-01
1.239099584189724101e+00
4.518989848119294717e-01
4.272436394769524859e-01
-2.714119445985016532e-01
7.102747245283289601e-01
1.687718208029754141e+00
5.371958332834454453e-01
3.550537714464067074e-01
5.772487350766505321e-01
8.788990548700752470e-01
4.698948857679468016e-01
-1.807051930489134151e-04
5.837644940877992905e-01
2.375022039031560173e-01
7.744465093460769500e-01
7.978613195106403211e-01
6.309035791315180663e-01
1.224629066811790290e+00
7.247802864617034491e-01
8.970658088571411559e-01
7.696327452902035349e-01
1.009131860893645261e+00
1.608538580864654399e+00
8.218791335568327305e-01
1.555353595164453262e+00
1.621440231219259953e+00
1.305524000747822599e+00
2.147469850789228030e+00
1.349266090935355988e+00
1.238063527414785314e+00
2.577310081120023799e+00
1.515530004254600493e+00
8.769125311688334978e-01
1.595089592939558987e+00
1.430218966474166464e+00
1.531305119199721787e+00
2.264067648953334011e+00
2.261892330669982965e+00
1.869560573800645775e+00
2.012259670285241775e+00
1.347083235114007849e+00
1.503730735140609509e+00
1.062599046697241700e+00
1.492553572583391386e+00
1.044359993760637373e+00
2.138050716636814119e+00
1.602267565334166477e+00
1.282225940614185822e+00
1.989380890218267472e+00
1.888550381518224963e+00
2.835242005919697661e+00
1.901223018275939758e+00
1.683637325672448171e+00
2.126425512821624064e+00
1.660715688620758579e+00
2.268424942846882342e+00
2.324123497338248079e+00
1.602194783416835300e+00
1.303969260708122579e+00
1.519771657027884082e-01
1.291031764204335852e+00
1.398136749131283274e+00
8.252883431015867188e-02
4.915951175373324267e-01
8.954969148637933474e-01
1.605642114130656495e+00
1.127381995013641669e+00
1.656458342795610772e+00
7.707895619521454300e-01
9.130412176426466742e-01
3.648929596019964139e-01
8.466731104546154629e-02
6.962757630869791381e-01
2.416958634732382372e+00
3.797307944918008049e-01
8.524092214319851646e-01
6.866767112044406263e-01
6.956518401021971609e-01
8.435730084716844823e-01
7.357061430045481742e-01
2.946937767451756063e-01
3.140261463685917187e-02
9.403523988201993866e-01
-3.511675324949805610e-01
-8.869770516259722903e-02
7.990495462034146179e-01
1.206976493201697309e+00
4.317220461711172019e-01
6.518966738499132330e-01
-5.713385372814069330e-01
-1.496152978784834886e-01
5.141803102249077329e-01
4.822477209559743877e-02
-3.815198736136951596e-01
1.945514867252041286e-02
-6.194771850897231591e-01
5.379414821620985832e-01
-5.659871475702025201e-01
6.714580713847013715e-01
4.224561942526527947e-01
1.278799291667092053e-01
1.092950396096295851e+00
1.264776917319076599e+00
6.914282291393980540e-01
-1.764983325051602270e-01
7.934009667728789683e-01
-8.440142360303897195e-01
4.921520270865414881e-01
1.132565582848552133e+00
2.761802149023832587e-01
9.274954832000148475e-01
6.845805414047012594e-02
9.011435077404530425e-01
5.148406441269417488e-01
7.951886360022416556e-01
8.487065038966089547e-01
1.542757758553454650e+00
3.978843462473831138e-01
3.686843860029492825e-01
9.041520783767735825e-01
1.497130975012406218e+00
7.748869347412861153e-01
8.672605162040558646e-01
3.648452565796024283e-01
1.413964553646548827e+00
1.909763436718617369e+00
1.385672436875443392e+00
9.163684028085802291e-01
5.099120579499094585e-01
1.328802594929486602e+00
1.963451609582409940e+00
1.042182890800680717e+00
2.442501774878214960e+00
1.597652740452185638e+00
2.032150323596638941e+00
1.395572414342995282e+00
2.147188368395390956e+00
1.402308988161800940e+00
1.527749782619036933e+00
2.163296975985586457e+00
1.082153324627995294e+00
1.377410029321370910e+00
1.700015469711406713e+00
1.838597662506034514e+00
1.737109062568424456e+00
2.350608341377213417e+00
2.883571094621650399e+00
1.782146482460753800e+00
8.130594306081245781e-01
2.116598374013428430e+00
1.465686326288280661e+00
1.442157887891940549e+00
1.623817339085237954e+00
1.089761266637585102e+00
4.812671980265021965e-01
1.837270264462234737e+00
7.051794837160907381e-01
2.601966885176198119e+00
6.885378185989141642e-01
4.844240630628146027e-01
2.598230357179859062e+00
1.677057995485163655e+00
1.805658206280404965e+00
1.552438573162357782e+00
8.482611623714820803e-01
1.752849708040444821e+00
9.679419012820400514e-01
6.487457806413412520e-01
5.044608137673640691e-01
1.555810673109581987e+00
7.002185489330677859e-01
1.031148441396886106e+00
3.390228364255396531e-01
1.108469191881885418e+00
1.044035794939591089e+00
1.880543536839119900e-01
1.191415188089885113e+00
3.336293103937772453e-01
-2.713558380427354422e-01
1.038771854750877743e+00
-1.013916553947820098e-01
3.928654673563654609e-01
1.296588566207555360e+00
6.115721275629342202e-01
-1.778655974990156485e-02
7.137218538795500056e-01
4.848039222528893744e-01
-1.318332252388848547e-01
6.228363357555548596e-01
7.411007687640708275e-01
3.112136580142095266e-01
6.547994999984587672e-01
1.083614481400010376e-01
2.227681415465416481e-01
-3.200976012126620085e-01
8.576080739784006646e-01
-4.622438757813115418e-01
7.230683946615690250e-01
4.644760117224459028e-01
6.579168902816134867e-02
7.377906448935611650e-01
4.709614558871391132e-01
1.220565738071081485e+00
1.296928718798449509e+00
-4.246573071086860995e-01
4.296066560985064009e-01
8.884651556912146475e-01
7.428619097362085810e-01
7.506717160286960899e-01
1.273661112434151255e-01
1.614039619789027213e+00
9.819788125108086518e-01
1.042947319089126079e+00
2.545964808110140476e-01
7.465287088596810339e-01
1.702344793742692763e+00
7.799489696985071330e-01
1.875125954726253763e+00
8.073953232784820688e-01
1.500092558203087734e+00
1.465899367724142088e+00
8.041374472000940576e-01
1.417015143555251377e-01
1.612787941100455091e+00
1.603610752993536392e+00
2.478423346873933397e+00
1.472576322444403285e+00
2.152251541998498663e+00
2.737388088955690080e+00
8.774016105453242842e-01
1.511289941449523111e+00
1.193509244667516400e+00
1.386305294791374321e+00
2.324571187886277812e+00
1.889729454497185213e+00
1.076635280089720315e+00
2.565678020325810493e+00
2.566111827767580511e+00
2.403766017753116380e+00
2.118404419856183551e+00
1.822872753597994500e+00
2.134550266383606676e+00
1.053627982252891115e+00
1.560642531754578899e+00
2.824681396516584453e+00
1.922730710960062428e+00
2.412344510992911584e+00
1.370032631259934908e+00
1.527128667265326589e+00
1.982778928482467062e+00
1.750777726968423265e+00
2.067023272090713348e+00
2.396863834754312972e+00
1.860669667602354860e+00
1.382432348801393207e+00
5.645537335179127147e-01
1.431802650736627491e+00
1.288585048324366156e+00
5.106688144848666733e-01
1.404286805272533689e+00
8.974282988334265632e-01
1.371106669689641677e+00
1.326784522579202319e+00
1.832299455448649805e+00
6.598471649655978100e-01
1.333949048811794880e+00
8.420805920931176969e-01
8.585604542023633767e-01
1.145972939954716718e+00
8.794253108164563626e-01
9.616678054739029591e-01
2.179971258946240997e+00
5.984040647239167177e-01
1.076669227244888116e+00
1.065485959283505757e+00
4.141333739656826163e-01
1.038294049682041642e+00
1.072522728379924795e+00
8.613310798016406977e-01
1.536961065632499901e+00
3.622191422177567510e-03
6.730630934837632529e-01
-1.216860599714246205e-01
2.080684914416559561e-01
1.096411645129223178e+00
5.000518711419857931e-01
2.612053265052456941e-01
5.316217611950395661e-01
-7.383331734053819595e-01
-1.925449910872034376e-01
-8.038215914157456066e-01
2.519477544646526734e-01
3.153473524445268850e-01
-7.731069627331115246e-01
-1.305092321719606430e-01
1.608326885893186509e-01
1.095278804571278020e+00
1.410141190558040991e+00
2.495705764355254097e-01
3.389423464919450457e-01
2.476461539931680833e-01
-1.675774728929556590e-01
1.401606269468472998e+00
5.669581005364185966e-01
8.423358633211247559e-01
2.767117597141575125e-01
5.946629230802911170e-01
8.508107208888053830e-01
1.119845691733651227e+00
1.295928929333002966e+00
1.280119548371641880e+00
-3.911654870537517592e-02
1.810651710134117298e+00
5.708139763081940821e-01
1.849765184582315758e+00
-3.415357302389843142e-04
9.571954670570326229e-02
1.157745523483791672e+00
3.625348379158737089e-01
1.490482672534072517e+00
1.426252863827861539e+00
-2.182727137689099983e-01
1.189655387002248377e+00
1.610498581470304558e+00
8.564740779895962941e-01
1.899668907931902684e+00
1.363937920588607522e+00
1.959303635117504383e+00
9.852149976952566668e-01
3.041680845924459309e-01
1.650776003889005139e+00
1.564827965357492134e+00
9.305148460318349857e-01
2.175494590445379739e+00
1.810499262704161394e+00
2.207522339944419709e+00
7.281200902192181967e-01
2.122091660916634925e+00
1.501574573487713060e+00
1.356657810030684086e+00
1.375073570158089176e+00
1.888184608866038339e+00
2.150497214941472723e+00
2.200388215885404009e+00
2.447744819660433890e+00
1.731006200591130639e+00
1.718619856539262081e+00
1.034715460923175012e+00
2.252565656988488207e+00
7.885195136430347418e-01
1.354672407598824568e+00
1.689148775015423487e+00
1.690289948691526156e+00
1.154961612626543177e+00
1.803433157789502195e+00
9.431634228402362430e-01
1.344542317812131405e+00
2.566490785053907153e+00
1.741244960186584478e+00
1.865592002146109873e+00
9.831303766177569292e-01
1.969802910125785234e+00
6.944836238337991352e-01
5.575634963891948903e-01
1.357384850083213301e+00
1.382853292496184050e+00
2.477880594379414658e-01
1.372739338014302257e+00
1.172534238959453301e+00
1.295949573682629197e+00
8.178057318776837947e-01
1.188843798526896478e+00
1.458760997677300164e+00
1.042007168376428705e+00
8.446261980956188964e-01
8.791479136458167920e-01
-5.809276090416147786e-01
4.442179413494429241e-01
8.583237189564354441e-01
-3.676860242225610254e-01
1.280977607850763533e+00
5.678305290648970605e-01
1.240929957775412706e+00
9.432052234182235484e-01
-1.952239769894453802e-01
7.605497692704799029e-01
1.376535408606842092e-01
8.543423107917130777e-01
-5.470199722874415915e-01
1.148221774691600139e+00
4.301696958623423828e-01
6.084319066281181909e-01
-5.412983238770885386e-01
2.019964506784881764e-01
8.400649842810711809e-02
-2.020119748138118898e-01
2.603365508744526768e-01
5.144928836774512737e-01
3.695084158256304319e-01
9.166482483019171568e-01
1.505105712789090333e+00
4.200564731450360245e-01
2.105024810667404378e-01
3.108297243888814565e-01
7.511307585771589412e-01
4.769805167689284420e-01
6.444695504110059536e-01
8.588648941828351813e-01
1.134896080623995385e+00
6.050136981471396780e-01
4.002944423507077132e-01
5.112875510390730849e-01
9.702808999550410762e-01
9.560764731202913147e-01
1.223740335351603870e+00
7.668215377832348079e-01
7.330501886342566387e-01
4.195900393655817018e-01
8.408095821382683965e-01
9.295331501803656415e-01
2.009780789843877535e+00
-2.330176864400224090e-01
1.872382110568853619e+00
2.064234108051753225e+00
1.354296186101280330e+00
1.137607841609478365e+00
8.111605119095842698e-01
8.221978935557089363e-01
9.544338673353978120e-01
1.925427357573779030e+00
1.847435220646835408e+00
1.623780332536171267e+00
1.050237700388842566e+00
1.436649246709299055e+00
1.257465468790690988e+00
1.537929960237107485e+00
2.048882822594049635e+00
2.361028879753137577e+00
1.560205643491342498e+00
2.024551584344398858e+00
1.375197031480576149e+00
1.635324872079999325e+00
2.901006529374367648e+00
2.521203610114614690e+00
1.577436993299206724e+00
1.938457561440037447e+00
1.640646663831147212e+00
1.226891800883436634e+00
1.726853347399297745e+00
2.056581581489800303e+00
1.341357479797633090e+00
1.704104619548917121e+00
2.035306597171799403e+00
1.507511564587539432e+00
1.752417740599476303e+00
1.156544619557319686e+00
1.488095420881774489e+00
2.139077560525070698e+00
8.626921090143617743e-01
9.520983083309504380e-01
1.440246543644624344e+00
1.761575572142759505e+00
1.212623573910961206e+00
2.514410410191411094e-01
5.443549019660138821e-01
4.381593607501079735e-01
1.447796084056687027e+00
1.241150339654119472e+00
7.757849854828116065e-01
8.275970642699991275e-01
1.127564395062833791e+00
1.209663006289086962e+00
1.034996340922483382e+00
1.279640411509378239e+00
8.145351704982928265e-01
1.124672412111523911e+00
7.028515251047166013e-01
2.774611143235836130e-01
1.221453827672093428e+00
7.814315936675061414e-01
8.332749798207437220e-01
3.259153734692512017e-01
7.536894890528469393e-01
4.767379284059508060e-01
5.081471899945850801e-01
-9.905050881568205901e-02
9.089067485471337138e-01
2.281035057282236322e-01
4.143970486022090505e-01
7.161588139491484872e-01
-3.604881252295882854e-02
-8.673936138482744862e-02
-8.009417755833424524e-01
2.421316314643539025e-01
6.803665076636172815e-02
-8.356430892776410824e-01
-1.613014014286325015e-01
3.115724278278668158e-01
3.583385932645173910e-01
3.133480753535952679e-01
1.117454911975916509e+00
5.584654301777745022e-01
-2.887571505352548584e-01
8.335970398774408263e-01
3.821654171627728025e-01
2.363724656401885449e-01
9.131084725288957094e-02
6.485590110708234768e-01
2.493142787992581599e-01
1.365298435098408758e-01
2.946367087021883879e-01
1.042294508748533577e+00
1.466480189145638047e+00
1.639341545106413056e-01
8.111377133335727629e-01
2.716106946839461633e-01
7.404998505624977856e-01
7.633673569945476078e-01
8.364713257510157929e-01
-3.132300990316116973e-02
7.611205821990414400e-01
5.829517900006354614e-01
1.822158389102395137e+00
8.079695631959106228e-01
9.873107989404508178e-01
1.718512984332463800e+00
-1.058986321443224909e-01
1.808922878354164654e+00
1.869534735180095053e+00
1.308062586616345779e+00
1.642140657691898209e+00
1.596157017042896920e+00
1.561410290047726912e+00
1.014594979603376412e+00
1.391559305165324112e+00
1.853969475022761104e+00
7.738918227822063622e-01
1.974932667114182250e+00
2.405037114337524873e+00
2.067712710199189452e+00
2.828169303158483139e+00
1.742101488753556637e+00
1.738312514078994786e+00
2.089311873267575947e+00
2.752139827728215415e+00
1.630817277820990618e+00
1.271969939230255031e+00
1.918964171708393618e+00
2.386865821884152528e+00
1.640919501046886664e+00
2.397045337315309332e+00
1.568162636071098293e+00
1.150149990491728946e+00
7.391394250678056110e-01
1.541068617148138920e+00
1.902143489424822587e+00
7.537477087411739163e-01
1.901924921954523118e+00
1.051686456171161410e+00
1.770334146160376321e+00
9.350817611890944736e-01
1.771687839321207658e+00
1.170248413631205020e+00
7.659375446986460556e-01
1.303775786088514410e+00
4.270644144436862577e-01
-2.154773603034239038e-01
1.058967359322551927e+00
5.863912503666868226e-01
8.012370550002653191e-01
1.607457289751671903e+00
1.295292802467569393e+00
6.272260085365868321e-01
1.131456115709349675e+00
1.538508174805097495e+00
1.264738820004803976e+00
1.153620825330037292e-01
-3.150930065583101847e-02
1.158105447438015467e+00
4.893521927674587269e-01
1.127918583750003645e+00
-1.274846177132188396e-02
8.206553953288011627e-01
2.939896453706481450e-01
-2.624633265145102090e-01
6.426993513358838506e-01
-1.526341886847785712e-01
8.621650392115079997e-01
-7.784624758250208165e-02
5.748384542224672655e-01
4.069074427922441117e-01
7.811773918371221759e-02
6.481576859641680066e-02
4.682581474873760002e-02
1.100576705857920223e-01
-6.155166836324564850e-01
-3.385011369350552357e-01
-1.437755998125682666e-01
-4.112386173567783576e-02
-1.407342506050124342e-03
2.097247815807334326e-01
6.757724046537578744e-01
-4.521189029523671188e-01
6.519863056465653450e-01
4.601275261595880739e-01
5.016689585724763978e-01
6.920440975781645410e-01
1.875227250302519688e-01
4.676638445965335400e-01
1.178946829355651760e+00
7.222908935956382503e-01
1.356453082628515272e+00
-2.071083622203324648e-01
5.280299974277415931e-01
1.149907862597773445e+00
1.702386791624860285e-01
9.675670857491713850e-01
1.207517579488460058e+00
6.341661164969361053e-01
1.603958467907629304e+00
1.251784021580090833e+00
1.090087430130118662e+00
2.238132847355148725e-01
1.094109849511240906e+00
1.277079170856246337e+00
1.302949030369782379e+00
1.773845119920332003e+00
7.767725314714336582e-01
1.866283150540218205e+00
1.583306228588651221e+00
1.008212687635946292e+00
2.122489808842598524e+00
1.913772289010785776e+00
2.061067407436667942e+00
2.055828219534995949e+00
6.128999278327991185e-01
2.617105199877386212e+00
1.938389328090267760e+00
2.010829273016968788e+00
2.013182506198609723e+00
1.878391667695896272e+00
2.369020697820893417e+00
1.764514279055908963e+00
1.410174984017172006e+00
1.340635628163472370e+00
1.653358014398056408e+00
2.459334609073520639e+00
1.997400710340464514e+00
2.267768099710455232e+00
1.649496934546434312e+00
1.202350427981132341e+00
1.744618236012748458e+00
2.024822800008602819e+00
7.910231076310318965e-01
1.807093545864161932e+00
2.253750392105816847e+00
1.882837217105250316e+00
1.084131465858677590e+00
1.801183925525023266e+00
1.245319045194536844e+00
1.160533757768272611e+00
1.420280014078059150e+00
2.064903493282031377e+00
2.165848618338158893e+00
1.527830677233387835e+00
6.717467297844861296e-01
1.622982650954721828e+00
1.709459759878543039e+00
7.796954453785149841e-01
6.926664589674349504e-01
3.380720158147074716e-01
1.355672930699987733e+00
2.571088237262501019e-01
1.660633255704971667e+00
1.497255366136359012e+00
1.139525036124290125e+00
6.564297980037835378e-01
3.994353307010289900e-02
1.122340409017829721e+00
5.778324985531613223e-02
1.499602446001738754e-01
8.047152504384511573e-01
1.609033979854419094e+00
1.354601935493321641e+00
5.201792268433229616e-01
1.004067816605085373e+00
8.364432108486524742e-01
6.615862559844221114e-02
8.088129875225377741e-02
6.853204548699589616e-01
3.702790291811242085e-01
-8.791955592519921925e-02
-6.756649544141661856e-01
7.419450484697295289e-01
9.763794125432995186e-02
3.754957913168702199e-01
-2.747291207006269387e-02
2.214086514688956842e-01
1.006838520159325734e+00
7.320324825372854782e-01
7.613285163395503430e-01
1.065317218024119383e-01
1.144709974072750214e+00
2.107586092102245734e-01
6.366854743918507475e-01
1.332803019949631018e+00
3.910263762476230420e-01
5.226767550760604841e-01
7.341153658742485266e-01
1.091159991520916250e+00
5.662974159621152470e-01
6.523153261597014474e-01
7.259171663623552595e-01
9.193956503293465587e-01
3.910344629813101158e-01
1.203944352415737606e+00
6.457715401460466520e-01
8.708583576947703797e-01
7.395403309724308816e-01
1.631867650698738625e+00
1.865597784290514261e+00
8.929411528666506559e-01
7.766919600806220236e-01
1.035860974810256074e+00
1.636842908548240771e+00
1.517891177934000968e+00
1.152942887426751772e+00
1.526269777327838861e+00
2.053293374706732788e+00
1.464517103317853897e+00
1.600084013844762287e+00
1.248243578181277957e+00
1.358042206873325775e+00
2.441226295010404002e+00
1.535203873418125253e+00
1.602876920453281118e+00
1.157207494680271509e+00
5.487474683589890212e-01
1.906677132890516768e+00
2.740354774097566448e+00
1.919204388074875922e+00
1.682362799303086742e+00
1.745159678028965544e+00
2.515712350775706874e+00
1.889084135675509701e+00
1.371459012432092450e+00
2.278482981210362190e+00
1.552633064140936048e+00
1.760592432163633481e+00
1.713821920928396247e+00
1.504979936001277441e+00
1.862460190020288398e+00
5.228893711779063480e-01
1.600439530116415154e+00
1.914119537108969205e+00
1.995159154743792129e+00
1.565094813783178829e+00
9.887938906521842597e-02
8.390119080510303196e-01
1.909633268259324668e+00
9.628983681684153417e-01
3.126190454542607799e-01
1.832962454606629654e+00
1.335452898294886781e+00
4.909857616217623288e-01
5.979043129120054090e-01
1.706573096611951890e+00
1.281392940468803365e+00
1.123186594296135654e+00
1.626712533341176936e-01
1.389554486791953591e+00
1.698549392715102968e-01
3.818457275894904246e-02
1.502725987844719224e+00
8.494218169934422136e-01
2.248236056326990973e-02
-6.973243055604660956e-02
9.562752457233845149e-01
2.339242652854628957e-01
8.912164355479246236e-01
8.673166998503079039e-02
4.384123497700808669e-01
5.739095628609076627e-01
2.002707073225689360e-01
9.403812157540278882e-01
-6.889969099281822995e-01
-1.452255961253889338e-01
3.630799107838780793e-02
-4.102343015948747840e-01
-2.566133181719608691e-01
7.457833702559090172e-01
6.233235018952424378e-01
-1.641333257922062694e-01
-3.479676107952272557e-01
2.781301786860933545e-01
6.243600681581017164e-02
1.665792697365204300e-01
3.992698604352065139e-01
-4.082667057679356670e-01
1.803947535414195946e-01
-3.114693696664964651e-01
6.092921377637868785e-01
1.525499726966469405e-01
1.231401970344655705e+00
7.478244226240798875e-01
5.029747232569500293e-01
1.106168893670438358e-01
3.874535336372490479e-01
3.117858599661138541e-01
4.512172816104598194e-01
9.136886465749488595e-01
3.406618523759741279e-01
1.307452373577300264e+00
4.883335072043831770e-01
-1.771896326950880285e-01
1.418704529846491980e+00
9.188156076055655763e-01
1.114631317189189286e+00
1.209162615995576617e+00
1.325109805770779081e+00
9.801929781411379272e-01
8.096374560298589262e-01
8.098699786999596917e-01
6.753903148573471293e-01
1.050019626358707603e+00
6.825302830093481488e-01
6.025453970862931774e-01
7.161072479769192700e-01
1.014328916927970337e+00
5.035994597769333225e-01
1.077687703936645258e+00
-8.089164582165588868e-01
7.055665243637951889e-01
3.982030018562170426e-01
3.940780528938498395e-01
2.460840114502516607e-01
1.374162800637309889e+00
-4.165293756449219842e-01
2.937250026454667484e-01
-4.179814286147603974e-01
-7.584630082434595799e-03
5.895071371074326327e-01
1.153628021922522784e+00
9.167545218729102885e-01
-1.878258400075687173e-01
-8.978730872986375733e-01
-3.643056401349439311e-01
8.086995690348179888e-01
-1.655583711305041728e-01
-6.107227685805227679e-02
9.240365452426033133e-02
1.372027693848512531e+00
1.023350490733452522e+00
2.856525541432608506e-01
2.810655870795532030e-01
4.645570922633255884e-01
9.593701540367063352e-01
1.005080864685187425e+00
3.861894201672005367e-01
8.087450598311550776e-01
1.222101585127858048e+00
1.202536499121071190e+00
3.776712022625695053e-01
1.293065250555379908e+00
5.553880507589563642e-01
1.455745177161979154e+00
1.061733044130047654e+00
3.006007729147135432e-01
1.395785507796390768e+00
9.089173461841502100e-01
4.151788401274124629e-01
4.053789845125438940e-01
1.275629755356886053e+00
8.978068322425846182e-01
1.296135201871122966e+00
6.706940767743360121e-01
1.131367829447140538e+00
2.622696113776130100e-01
1.071653771313633818e+00
6.338337840191909933e-01
6.008849032122171030e-01
2.287915288923924040e-01
7.185485016195630736e-01
-3.877628331294926678e-01
7.183405473685539055e-02
4.024774068657055448e-01
2.696748689635583007e-01
5.853030187996641764e-01
-2.591595593900348771e-01
-5.218393960225765627e-01
8.470353639461171147e-01
1.170008912649860733e+00
-3.165652292916281696e-01
-3.336934539055617099e-01
6.360546135290880976e-01
4.936649442065100812e-01
7.806759648346637270e-01
5.334561644712081385e-01
9.239896715621239709e-01
-4.586478381116341208e-01
2.282267266990905541e-01
4.526793219673129198e-01
6.001611171753442608e-01
2.762273919636076824e-02
1.164526723054506441e+00
2.640622803587956424e-01
8.076055061508047306e-01
1.288404269409098912e+00
4.099081827661142374e-01
9.542478564589452761e-01
5.842085799695457826e-01
1.462465039084424046e+00
1.356631644734600961e+00
8.719493045835763345e-01
1.314779676743911940e+00
1.105356552983854490e+00
9.258065095535111810e-01
8.154281854895579773e-01
8.697963789067392204e-01
8.913478817249881336e-01
1.742659508471783081e+00
1.508123204147341356e+00
1.004639422425799955e+00
1.913311182893397522e+00
1.405138246523069068e+00
7.546617209650535729e-01
-2.451908537439484448e-02
1.119249575352056825e+00
9.737324238500193463e-01
1.252117056323153843e+00
7.870128948734210761e-01
1.653908826497567652e-01
6.736585929629101965e-01
-1.791055447689737790e-01
3.148801766552591919e-01
8.085138174510009268e-02
-1.269246533867520177e-01
5.254658827807622279e-01
-1.069555312245322964e+00
9.461186391471922974e-01
2.769486101637699260e-01
8.548849426549256503e-01
4.320423934225247620e-01
-5.936302479597810322e-01
-5.003498921214892814e-01
1.898560465125767593e-01
5.247665512849125635e-02
6.135975062722379691e-01
4.896545489577582844e-01
-4.674594501910560584e-01
7.259343320538789168e-01
1.008577918334532475e+00
-1.376823953278392132e-01
1.898822264065799792e-01
1.276950279373984642e+00
4.111055233174888413e-01
6.897983737815476246e-01
5.092687986458399596e-01
6.684016307418125802e-01
6.129647886904774357e-01
8.171111007029712159e-01
1.190441145615272589e+00
1.189825283547155443e+00
1.089616650315038848e+00
8.276318970918600249e-01
3.136402431816142089e-01
8.037574878510089782e-01
1.658559712562004629e+00
-1.041617372370844397e-01
6.905811961502592577e-01
2.112415285922579766e-01
1.130649697217051664e+00
5.341920403683373397e-01
9.186751162624778866e-01
5.142913023756623403e-01
4.436725299688620283e-01
5.632419707797706732e-01
1.363910185310449608e-01
1.069761736691925869e+00
6.182489749382078514e-01
8.316205029661205561e-01
-1.474569207832516771e-01
-5.131623936627263127e-01
2.622178854186619223e-01
4.313142572763554727e-01
8.408314121685185327e-01
4.872032345536805864e-02
5.000331398382682480e-01
1.538784066553466334e-01
7.130530348436810995e-01
1.880584094626909231e-01
-8.965357328322239860e-01
1.497323423899443173e-01
-4.207957084035715556e-01
-3.276894978748881027e-01
9.586771049492572860e-01
4.863529923559845036e-01
7.451857709470884050e-02
-4.141067900658600420e-01
5.294057207317048874e-01
1.080712900328268056e+00
2.549228918399913946e-01
1.512465574081046649e-01
5.108133414339086631e-01
7.198238560888390314e-01
3.043617298310541397e-01
1.414258605784578293e+00
2.610011239339480871e-01
-6.305284590925631649e-01
9.574050495352124379e-01
8.356965293197777811e-01
6.416210058234990132e-01
3.961218300133833026e-01
-2.527031106571434593e-01
1.637353762752152608e+00
3.249966904884432628e-01
9.249075515723483853e-01
9.276458315091928863e-01
2.547618507756944650e-01
3.364105630150692194e-01
1.430746153688137845e+00
6.769900089600622284e-01
8.800943262207104878e-01
1.089987241601118484e+00
1.004843758518879415e+00
1.411507039431900701e+00
1.084376663624424086e+00
7.400074603204654933e-01
1.022358447549940097e+00
1.080290855504064673e+00
5.425885170774399358e-01
4.890671255656741656e-01
-1.063861763287826112e-01
7.557092999838508351e-01
5.476451073110537582e-01
-9.566454986160899399e-01
-4.882431101169398824e-02
7.502827262694109489e-01
1.678968403561528766e-01
1.378377147310453077e-01
-2.096380338012624467e-01
3.304080095985742482e-02
6.229119780891629876e-01
3.043269095593211238e-01
5.080798711316827365e-01
-5.477460217964590372e-01
8.639746059361769204e-03
7.358234003816931101e-02
2.464886859512800121e-01
1.233600655101080301e-01
-1.516597223108949732e-01
2.178542913451952945e-02
5.463676461924104055e-01
-2.646740135586030385e-01
5.343222342101754396e-01
3.600231735190413951e-01
-1.711083934927786210e-01
1.175044680524914398e+00
6.389915565115893425e-01
7.452566284983755951e-01
1.402127515412266767e+00
5.889283788042485313e-01
1.126377928328521572e+00
9.871144246551875057e-01
9.624060345608468348e-01
1.339033737236363208e+00
5.428245544245942078e-01
4.260535417363441324e-01
1.241217359339143789e+00
1.650018033837722164e+00
5.196698295144965840e-01
3.163714406231181719e-01
8.769414823056358443e-01
2.318043820077816397e-01
6.750646949454905954e-01
7.367357823257514315e-01
2.268265044506580508e-01
9.763046224394644756e-02
9.065843703398925868e-01
-5.181575091087666785e-01
7.809512103077296263e-01
5.667950306431217555e-01
-1.543901964439497454e-01
5.055806811893520658e-01
-6.596489161563282577e-01
1.152453914843109550e-01
3.487250680279254111e-01
-2.066879266217989675e-01
1.127336033851555452e+00
-4.627438204593472548e-01
5.365026893322125678e-01
-1.153424046207243286e-01
-3.134094230446920482e-01
7.530877780969283952e-01
-1.901210957415231939e-01
-1.017157194513680918e-01
3.993964071148483619e-01
1.217721960033389283e+00
7.293155829094150056e-02
1.262545264229147479e+00
-8.472400244605243769e-02
6.486472535215621615e-01
-6.541453169437272397e-03
2.875278381790796756e-01
3.264969555386320055e-01
2.279534659865617430e-02
2.387158080424642281e-01
3.014127223733645833e-01
6.262098122072504713e-01
9.937086275601486607e-01
7.605973700368947599e-01
1.865778618130929933e-01
7.788689902526565456e-01
1.226472345517362728e+00
9.648670672228834011e-01
7.744693485118594456e-01
5.977228509029886006e-01
8.493569756016094985e-01
4.546966884450577284e-01
2.361822453580407988e+00
8.130966544166599030e-01
1.440161493871908505e+00
6.804739797878475160e-01
8.820967334412781469e-01
9.008505666283762592e-01
4.270138903528295504e-01
5.476862542569802539e-01
3.165233768747399146e-01
9.431718069094230383e-01
3.245489457587185100e-01
4.147832192105679883e-01
-1.836010982876702391e-01
8.560703078633078444e-01
5.951218961526584250e-01
2.838822309602048177e-01
3.398824756106327283e-01
3.144529891265968602e-01
1.342699217151162472e+00
-6.816967415294514776e-01
-8.719498113000675454e-01
-4.265197634447567276e-01
4.320528275947778662e-01
1.568866413564761197e-01
-4.250077536580745829e-01
-2.949670373245242838e-01
1.481508551470963608e-01
2.946817590706013457e-01
1.425174791841795630e-01
-1.041620373579103254e-01
-3.485776965890995394e-01
4.619405734401680341e-01
7.154849801889356931e-02
-4.872788749546275167e-03
6.935862700474265674e-01
1.269962961288766401e+00
2.475856708364933545e-01
1.014697373032447114e-02
-1.565829622224546025e-02
1.068647930268517676e+00
3.280954250976408915e-02
5.573645336852317556e-01
1.386093920381642697e+00
7.492295975615993475e-01
1.067751072894314479e+00
1.323801829673224351e+00
3.837750187877138064e-01
1.835822352637041188e+00
1.715163389467843302e+00
5.972876305807963693e-01
1.311794348496250207e+00
2.151109469486502945e-01
1.154549356978090469e+00
5.525883845912613612e-01
1.968172282742479018e+00
4.885551375293886722e-01
4.805633676074965166e-01
2.846416606967898111e-01
6.472251827338068031e-01
4.518706021959532082e-01
1.204780048350030941e-01
1.768286492738215587e+00
3.408685765475628071e-01
4.061863624760852498e-01
6.141105244367728311e-01
1.631667514735067048e-01
1.462232161853583290e-01
6.352834903180334947e-02
3.606188993823845057e-01
1.280400510025594407e-01
3.160618171397600040e-01
-1.175949332716793361e+00
2.424247271105829382e-01
-6.020151141081215851e-01
-2.733768013082563467e-02
3.417290787677776387e-01
1.264521956195462093e-01
-5.260993051876539095e-02
4.733665714209185360e-01
-1.981002736822770338e-01
3.738189339449040638e-01
5.649348148768469358e-01
1.329898144854252839e+00
1.459659917614115621e-01
-5.120295483897230326e-02
1.663549630665830392e-01
-3.096335006325023897e-02
1.009719441861117506e+00
4.845276356712630017e-01
5.672656366470152367e-01
1.182976336247261173e+00
2.833850370994595025e-02
6.797664917846062416e-01
1.066376706973236610e+00
1.508944783961047031e-01
5.281037949104929741e-01
8.654112533869682267e-01
6.303888136085470384e-01
1.721071381331493955e+00
9.652388260985580448e-01
1.033992058233916600e+00
5.450044160919926828e-01
6.214423866733220780e-01
1.586949580311577401e-01
-3.014241424211985265e-01
5.331445704597905788e-01
-2.658757035395112878e-01
1.492449852853079850e+00
2.577739655262892282e-01
1.014766304247270989e+00
4.515572245255259354e-01
5.627336794406245790e-01
4.259582240254110030e-01
6.537213365806898713e-01
-2.831232137143380179e-01
9.546898461076112063e-01
6.510911257720852774e-01
4.598147880706515700e-01
9.300308019299696749e-02
6.235033209752426364e-01
4.623707165563982757e-01
4.800091628526543808e-01
3.036716316785860459e-02
1.662236584012696805e-01
-4.331178062322415534e-01
-1.096911117707931149e+00
1.073702739505070225e+00
1.808472546214062171e-01
-1.384164639956569909e-01
-1.031508270571704078e-01
4.856915899936098402e-01
-4.844002175029794022e-01
1.719835547537166720e+00
8.076461023100636183e-01
9.657551291993728970e-01
2.709950740085962373e-01
8.378271953431939423e-01
-6.052808454709177610e-01
1.891496709933348508e-01
3.464058307993911345e-01
9.320016065877871903e-01
1.026251771357333586e+00
1.257007775515424974e+00
1.536908539183422739e+00
9.445248674346563567e-01
4.247973334209834140e-01
1.005934784711664198e+00
1.293635216362674756e+00
1.810405154420423379e+00
5.504451216480668041e-01
9.470890371838491806e-01
8.901496478600425810e-01
6.904082726301756789e-01
1.207133481200866498e+00
5.175974357269912396e-01
9.438720439777006366e-01
1.059264139461393750e+00
9.848479909838359081e-01
9.958966098476254025e-01
6.508429260884284195e-01
7.926123903662292136e-01
3.664153669550616055e-01
1.039314498747401228e+00
5.883166437649707259e-01
-5.665714061170441518e-01
3.147506824059549402e-01
3.661013295636624809e-01
8.660494919787753432e-01
2.014450346882849796e-01
-1.426695434872918278e-01
6.704187251542185200e-01
1.870906411259785074e-01
-2.522548599005500769e-01
2.640621904096306927e-01
