-6.553969658810430143e-01
8.390916832749976129e-01
1.747756321948548686e-01
1.046909894926753154e-01
5.151132223358213524e-01
-1.321535545827260183e+00
-5.939144682779839979e-01
9.194872942115505099e-01
1.171835066624769550e-01
-4.732968054982137907e-01
1.770714474531290383e+00
2.825190795587253501e-01
7.957085812471045294e-01
-9.251812318364566190e-01
-7.818489080169405137e-02
-7.919438956291648957e-01
-3.270290623623204329e-01
6.481990930792213002e-01
-9.678557621746580741e-01
4.387054745871954431e-01
-1.946181096904505692e+00
-7.673170216036380165e-01
-2.117184963826827804e-01
-1.528135310263600610e+00
-2.044962654165021210e-01
7.558012540234471111e-01
-9.344376235138356357e-01
-1.406735408231156725e+00
4.872712430909199588e-01
-1.104596167962147213e+00
-8.560369140211576688e-01
-1.132925467566547217e+00
-4.140768765689195607e-02
-1.822251956760966518e+00
-1.026898443796704363e+00
-2.094773636578882048e+00
-1.234989587664879096e+00
-1.111175254167150461e+00
-8.552034056375690252e-02
-2.117177491658597699e+00
-8.758855950377002486e-01
-7.602261966845326180e-01
-1.628364936580655176e+00
-8.332965396503076994e-01
-2.992720827083933388e-01
-2.020367149563534248e+00
8.665197941745139687e-02
-1.829462431054849958e+00
-3.108726528562294700e+00
3.261186349470555079e-01
-1.714837863422441488e+00
-1.393382000191379921e+00
-1.039632017530474073e+00
-1.776649327192736383e+00
1.144702617598074124e+00
-1.384732226508181396e+00
-8.869157655638311155e-01
-6.528378787324424781e-01
-2.814492362811438220e-02
-2.756733739923052928e-01
-1.849573199701328274e+00
-1.441193070365667683e+00
-7.220012563761609714e-01
-9.075035622755205367e-01
-2.715608701716956119e+00
1.111947025171503567e-01
-1.369054348372269470e+00
-2.012317574124050434e+00
-1.676679148710241041e+00
-1.635947466612183820e+00
1.146499825355704605e-01
5.551937806901071637e-01
-1.460614402980271453e+00
-6.146257983652116952e-01
1.619729237814412359e-01
-1.038007633429889331e+00
1.757483282202949582e-01
-8.201637011576716763e-01
-8.309198909041424219e-01
3.494699368562864672e-02
-1.763304411543760164e+00
-2.098567585499254984e-01
-3.873678058549576697e-01
-6.201066178358666248e-01
1.615614715621947139e+00
1.086623925301833493e+00
-1.026849607076235904e-01
-2.042822098642746997e-01
-6.187680232975739658e-02
-7.552611601418433018e-01
-3.513929337299901423e-01
4.694601849244886549e-01
8.841896260186378198e-01
7.958705317945286017e-01
-3.128597209064645224e-01
-2.524574797492404876e-01
1.813508149752821041e-02
1.764680963948545012e-02
-1.291688381459192625e+00
-4.303073265075633147e-01
1.102271226096628171e-01
2.544967020018490622e+00
1.306887551714978501e+00
-2.418629122817561039e-01
2.088219856853209322e+00
-4.622702614926482712e-01
-8.266519877150738660e-01
1.771722094090650179e+00
-1.767153663332468705e+00
2.458371487624697038e-01
-5.906398823107139595e-01
1.108861488193344957e+00
-7.696968051555289070e-02
1.738688997403336378e+00
1.280568262672575619e-01
-2.263632744787165418e-01
-4.127619161784509827e-01
-1.135212475227331375e+00
-1.026750605213244461e+00
-1.103810863122371089e+00
-7.354742110902651175e-01
-3.847370583573632152e-01
-1.158585086294913857e+00
-1.171776827541654686e+00
-3.698315703277522126e-01
6.577616054731885153e-01
-8.292424099732091936e-01
-6.029076177680419146e-01
-1.563083489957117322e+00
-1.147546519092687234e+00
-1.191773289918992340e+00
7.718288508895770894e-01
1.100964009131417676e-01
-1.794552175534809280e+00
4.211844920668117442e-01
-2.665456455722614582e-01
-1.191177440429306067e+00
-1.861354283793383857e-01
4.704172428399560069e-01
-4.261088359235327139e-01
-9.758790585351229119e-02
-2.403288900745522483e+00
-1.687177657165583877e+00
9.611457117204164069e-01
-2.700377387632754145e-01
-1.759275228466353758e-01
-1.441733315869562215e+00
-7.143848851532291766e-01
-6.922602541637453699e-01
-1.507057718833814342e+00
-1.635648950819278191e+00
-7.454008591518763716e-01
-1.283593559058620048e+00
-6.834070560007056150e-01
-2.575917625795374200e-01
-1.289533451041885437e-01
-1.718781476303104849e+00
-4.930203477430722958e-01
1.572138160561165066e-02
-1.845726986131308145e+00
-3.594991848322827144e-01
-3.623492262158879429e-01
5.440061828563904633e-01
6.839308558476655531e-01
-1.462454983827782939e+00
-6.847773051879108008e-01
-1.085755276371466849e+00
4.226924517118034741e-01
1.116353770971603598e+00
1.512203308511365085e-01
3.521616043760300574e-01
4.878282027555136402e-02
-6.268108737218833770e-01
-2.083876526131438034e+00
-4.054830996886837902e-02
4.720421001490308077e-01
-1.217409951436807525e+00
-1.427123831042709234e+00
5.890777538595086682e-01
-6.319220303450538978e-01
-8.216417569921821151e-01
5.696936396918667045e-02
-1.048381822538549279e+00
3.607143790880328882e-01
-1.203409346249899592e+00
-1.816598921736595207e-02
-1.113643268594777691e+00
7.167846975564322598e-01
-1.204084066022026667e+00
4.259533601524384538e-01
-8.837844718710408110e-01
4.396220456870849058e-01
2.946122855979718125e-01
5.065463200060009719e-01
-1.149629230163881299e+00
-1.168008145607092318e+00
-1.863600476123403737e+00
8.794305877288379758e-01
-5.204871365586133392e-01
-1.546424258813664521e-01
-1.722813202752258910e+00
4.632052861255569476e-01
-6.821881067288151912e-02
-1.846429559789138253e+00
4.886241074945473217e-01
2.222845003563939326e+00
2.842869243472196938e-01
1.201741152114169431e+00
5.740132525275571940e-01
3.075203284566791484e-01
6.094067582601512267e-01
-1.019917138714137250e+00
-1.815120006029580457e+00
4.576608484048184655e-01
-1.547524153852804230e-01
-9.367656067070342374e-01
9.862005220459908461e-01
-1.187607754054700759e+00
-1.284194561877337049e-01
2.524841315067888337e-01
-7.183728709600307738e-01
-1.484034843252123537e+00
6.867173430343218588e-01
-8.621118544691268593e-01
3.069424773490248004e-01
7.481330301646507142e-01
-1.444200602653119336e+00
-1.782618842993861197e+00
-1.736017801835668006e+00
-1.231711567347276048e+00
-5.012734609296907173e-01
-1.282549181742819400e+00
-9.679605002839944961e-01
-7.359513346754120722e-01
-1.999555557074153445e+00
3.814606248563841007e-01
-2.423985531582750763e-01
-7.135289700225047049e-01
-2.170889876954142927e+00
1.379324500800303666e+00
-4.169971788282376690e-01
-4.443012390460598926e-02
-2.992274564002708193e+00
-3.028110685114093759e-01
-5.437741125881576654e-01
-1.477660653332671936e-01
-7.615494203513546445e-01
-6.776372015717002650e-01
9.568084516821102614e-01
-2.073146748109705673e+00
-2.372079783552716314e+00
-1.301672566986158186e+00
-2.894681171495927519e-01
2.698662982637873853e-01
-1.302172171203166418e-01
-7.255770923227756741e-01
9.630009205184325571e-01
3.856548387197985539e-01
1.966235911357828714e-01
-1.858804896626326641e+00
-3.175741996328154126e-01
-2.153554917590039697e+00
-1.766149144008038130e+00
-1.489089337705687965e-01
-2.654448041414794179e-01
-1.516703842089282883e+00
-4.932589475776947285e-01
5.459562611921121578e-01
-2.314488560865711531e+00
8.441356860752443625e-01
-1.088456596916891339e-01
-1.218593601479807109e+00
1.463319646268909091e-01
1.362981937772873575e-01
-3.911202921271650368e-01
5.424231063518396567e-01
-1.119265346839809494e+00
3.618394549174046015e-01
-1.077510227156997846e+00
-9.446827242862115837e-02
-1.277048577254104700e+00
-6.935536424128696531e-02
-2.677751574527666989e-01
-8.870968457198260548e-01
-8.010000694540482247e-01
1.282895114804770476e+00
-1.276318443909877642e-01
3.524135606515983454e-01
1.017220833640132938e+00
-3.923005226262189504e-01
-1.829288576809171563e+00
-1.246693538284441738e+00
4.829952135768545984e-01
-3.417677779011993877e-01
7.809739454073677534e-01
-1.210845314834309239e+00
1.475257954393220050e+00
9.562756357025006260e-01
-4.733537457459295328e-01
-7.982392079109773553e-01
6.852256176912935315e-01
-3.993878020589108901e-01
-1.421616849374333524e+00
-1.348148906832757454e+00
-4.261541879030603663e-01
2.885711910523762191e-01
-6.356175077315212585e-01
-3.843003986085674617e-01
-1.015185869360041515e+00
7.482687074412628370e-01
-4.461166478980114758e-01
-2.037524565388950104e-01
-4.335673163469851987e-01
-4.684510112268251425e-01
1.335555458559257280e+00
6.029639761934662001e-01
1.681050663222062314e+00
-1.511256905251162852e+00
-7.795038735732284785e-01
-4.854267883161963448e-01
8.376680984160140842e-01
-3.272198834004858004e-02
-5.543219418909410834e-01
-2.680459228604168853e+00
-9.213971455132985433e-02
-6.325258727315681284e-01
-2.440379109784031275e+00
-6.152839746648309793e-01
-2.698649530793992835e-01
-1.328943777189556030e+00
-8.192619346453772211e-01
6.098088103750146649e-01
-3.055523265025350987e+00
2.757110871594814494e-01
-1.819926228358864195e+00
-1.868511888491607653e+00
-1.259847893023339216e+00
-8.238417046666213217e-01
-1.036407595608708210e+00
-1.190023094822455940e+00
-9.950059496479287668e-01
-1.903591433878319084e+00
-1.081375508190993928e+00
-2.696372261336495990e-01
-2.589641257637740779e+00
-2.194426411309292835e+00
-1.253853209765392052e+00
-4.014605415900684982e-02
-2.874259563589657951e+00
-7.288721731581514485e-01
-3.622193571149534552e-01
-8.877125912601036006e-01
-2.337682220532889543e-01
-1.646057172062089125e+00
-1.428884494912999958e+00
-3.505901836907262537e-01
-1.948583035733120195e-01
-1.667301483409493468e+00
-8.664664026887051174e-01
-8.749926183762000154e-01
-6.107009899852917645e-01
-2.698033449927184080e-02
1.135650790908065311e+00
-1.467011726755866441e+00
-1.036755587174027049e+00
-1.319895349616460711e+00
3.095568770894610022e-01
-2.507220462048962983e-01
-2.471997623719183190e-01
-5.411774707983652011e-01
-1.033789789751479837e+00
-2.452061274124699430e-01
-9.441797458061356174e-01
7.116391818336009756e-01
-5.901391808262806959e-01
1.176700320898823149e+00
-7.869797636736960422e-01
-1.160090649066200630e+00
3.155460267267993779e-01
-5.938111817503716194e-02
-1.325807189885569226e+00
1.232965457022229261e-01
-5.705897672064108583e-01
2.582694236765754048e-01
-2.598292191405019436e-01
1.493967794187143205e-01
5.297279036844014799e-01
1.737907073680637349e-01
-1.440336436734886316e+00
-9.941906022728755898e-01
-2.705591756254495550e+00
-4.374429846467881022e-01
1.677900791261617730e+00
7.949158559520014267e-01
-1.522346425326363661e+00
-4.578330943069597314e-01
-7.532482532053853541e-01
-1.376790974333355733e+00
-9.890099697741590035e-01
-1.814000315282507103e-01
-4.211418079171917045e-03
3.279778305891685730e-01
2.168122461536731160e-01
8.977725243005335587e-01
-4.186317677466690895e-02
7.513217934032658807e-01
1.606831468765101412e-01
-8.837983586526705626e-02
-3.443685028339819043e-01
4.940458756156221320e-01
-4.327875351540799720e-01
-5.658403742683598692e-01
9.437018357339949093e-02
2.414102488093615051e+00
-2.116307383169941492e+00
4.933313456046600209e-01
7.450288570172609592e-01
8.726498003852879437e-01
-7.956101003490603230e-01
-2.417160648378107179e+00
1.167489610903653885e+00
6.195199464597338501e-01
5.737489775371527045e-01
4.113462817268972449e-01
2.658690330710781202e-01
-4.383495049793723064e-01
-1.862217476557801676e+00
-1.081520242696089595e-01
-1.501207408549625200e-01
9.247627277422487690e-02
-1.529404515914349449e+00
-1.885137730279473622e-02
-2.051244768528452056e+00
-8.411798689776551763e-01
2.003490820158581043e-01
-3.796966132543761474e-01
-2.529305036583317623e+00
-4.249698755697459140e-01
-1.137791526576657608e+00
-6.511265625959146153e-01
-1.237940795650746217e+00
-4.997214884295790860e-01
-1.363950971382085209e+00
-2.605291224675740924e+00
-1.716466615042115951e+00
-1.617657854952461172e-01
1.088642320559380927e+00
-1.416107797322897488e+00
-1.001080010355180461e+00
-6.424768482748095533e-01
-1.419527197053867429e+00
-1.530853426659229743e+00
-4.533866983734048395e-01
1.236820995117045019e-01
-3.654741260035964112e-01
-6.542945196628999760e-01
-8.710676654134735797e-01
-1.003142562130410642e+00
-1.117407432795394673e+00
-2.850330636007893936e+00
-1.500429685715866546e+00
-5.586722322236362670e-01
-8.097920495874231239e-01
1.278170555338175030e+00
-1.035400758445785607e+00
4.640851865748607530e-01
-5.000888568487100727e-01
3.702140812242763479e-01
-1.899713653139511571e+00
4.093694736247860400e-01
1.949724708306185272e-01
-1.279109691983725039e+00
-5.240239447227702518e-01
-1.684073252946830079e+00
-4.221169722727143303e-01
-1.356456361554779999e+00
5.035842039916508250e-01
-1.285441704543272445e+00
-1.158499822454661876e+00
1.850930442097015738e-01
1.059970672769493305e+00
3.183047697771597129e-01
-7.339010092878310854e-01
-3.545941385566294124e-01
9.322978754279864777e-01
2.858984885711748913e-01
1.202443558104948407e+00
1.011509331685851887e+00
-6.039845748448584573e-01
-4.165017091280215911e-01
-3.901329230420375604e-01
-4.431128440691850523e-01
-1.131765374527350931e-01
-8.171282914692431509e-01
9.924393887384830304e-02
-4.362722050191381040e-01
4.210059230670603614e-01
6.537006601091710500e-01
-5.437577306286879297e-01
2.751163056551041985e-01
3.070907782948112050e-02
-5.812902666490261661e-01
4.704692168627389037e-02
-6.259636760746808415e-01
1.624649183934998353e+00
-3.839557196023698493e-01
-2.178549123740322058e-01
3.383494549126909723e-01
-2.541311944786242005e-01
6.351286866481973270e-01
-1.249111470946956404e+00
2.897329761079113775e-01
-3.504747743123779458e-01
4.008610151825251489e-01
4.576116551081482742e-02
-7.471577955425114936e-01
-1.128552746972205201e+00
-1.244776598871571438e-01
-8.249692255790799233e-01
-1.643299276326298131e+00
-1.367501682672270569e+00
-9.979548999148315502e-01
-4.702109262380512189e-01
-1.289188816037621255e+00
-2.271990207249930727e+00
-9.866622216894467279e-01
1.249662588810048991e+00
-5.169782221637159170e-01
-9.094979645107623689e-01
-8.491860402656912221e-01
8.510884315287078339e-01
-1.869766198385480749e+00
-1.729257206124110269e+00
-1.079878742899222033e+00
-2.198201701181632384e-01
-5.792729255421874557e-01
-1.102391977148633462e+00
1.533871336374412753e-01
-7.312363267386695620e-01
-1.053484157438126401e+00
-7.517027054805791586e-01
-1.049634200470213052e+00
3.790981599599675400e-01
-5.399841342408129297e-01
-1.344046853989090407e+00
9.830375912600052279e-01
-2.544733206212934640e+00
-1.163328278576696517e+00
-5.359105057213040535e-01
-1.964961508089001274e+00
4.724651925773100114e-01
-2.765285899796341429e-01
-2.063815778330939210e+00
-1.851087341936780595e+00
4.195401109472590706e-01
-4.227722867147692409e-01
-1.083059796227578531e+00
-1.639877904838735301e+00
-7.259632027185349834e-01
-6.645738632821605041e-01
-4.706810998736417617e-01
1.674123706297245828e-01
-1.066071877301314696e+00
-1.979682874677957116e+00
1.568496717396568041e-01
-8.499544967330077139e-01
-8.788033953996614578e-01
-1.442545672357669284e+00
1.551468143729831439e+00
-5.789694015899258250e-01
3.688296173223393204e-01
-3.151358528654477076e-01
-5.092032643693769067e-01
-8.964295105050762436e-02
-9.726279197944873722e-01
-2.036786596753166201e-01
3.544066538544147216e-01
-1.652792633730456595e+00
-9.265604057137903915e-01
6.485861073883669725e-02
-4.069292153784164201e-01
2.318984326710619159e-01
1.017794549414528404e+00
-1.987111060483292668e+00
-9.892338246964829107e-01
-6.514054674043843196e-01
2.554750379721081321e-01
-6.639934893839976038e-01
7.387095770049998400e-01
1.199480572704197667e-01
2.468381392598473223e-01
2.411493194223071068e-01
-4.596579560779758822e-01
-2.390039684792386321e-01
-1.388453761745869652e+00
-3.551734538355849624e-01
1.886330923087837785e+00
3.116574481980413647e-01
-8.281790518874347917e-01
5.097944355923995641e-01
-8.129304038751837824e-01
-2.581502243745791847e-01
-2.110967711958377235e-01
5.327935277246786949e-01
3.216738522276085810e-01
-7.252847250727075812e-01
-1.335228888799867009e-01
-1.578389797387008464e+00
-1.140176296124445210e-01
5.611529201848319826e-01
9.296974955111395045e-02
-3.210842013391039251e-01
1.865143083672945457e-01
1.475146423708030285e-01
-2.103653625853459719e+00
1.275097243039329697e+00
-2.755482978413009709e-02
-1.545935518862795899e+00
-5.865327108742479645e-02
-6.523267331674016400e-01
-4.681490390014212966e-01
-3.173329296271315547e-01
-1.076369670327847361e+00
-3.819506442691294468e-01
-5.508246632995099645e-01
-9.400376439001880691e-01
-7.382039929115014054e-03
1.595197478849944561e-01
-8.236861331080205240e-01
-3.704128338933843079e-01
-1.245715183279797245e+00
-6.768414709253121053e-01
-1.373086006027174566e+00
8.501375511337272428e-02
-2.873848228567781882e-01
-4.700829730923627992e-01
-1.684852466644565228e-01
-6.087873082605586017e-01
1.088961795367195950e-01
-5.003066584321276267e-01
-4.227761417072365968e-01
-1.158427892109029633e+00
-7.025920225660120533e-01
-1.903932505011457499e-01
-1.624177159436788420e+00
-1.016130139657963394e+00
-2.964851348777849394e-01
1.076015185472969815e+00
-7.388149442196927374e-01
-1.572233323287211881e+00
-8.527997015490205168e-01
-1.111145283574660247e+00
-9.481365747501298014e-01
-1.166576196927385789e+00
1.342193173288097618e-02
-2.057725625338944209e+00
-1.130252016715538765e+00
-7.193593445386432528e-01
-4.739886206512443079e-01
-6.630508562863350885e-01
-2.448775569714868539e+00
-1.457306258745911798e-01
-1.611966493295026392e+00
-2.800509826249462653e-01
-4.137650702282027471e-01
-8.041397054154855173e-01
-2.490626467305712133e-01
-1.286746825801750482e+00
4.231941932683981333e-01
6.719766762278789329e-02
-4.200915848996349400e-01
3.459298149944776135e-01
4.332763527371552570e-02
-7.634449877965854281e-01
-1.724717809416890235e-01
-1.711445279356981652e+00
-2.278388787631673851e-01
7.899992164622754443e-02
1.423301743281051079e+00
-1.488820174647494055e+00
-1.641176960225009529e-01
-3.546762982230148298e-01
-1.458165907631755243e+00
-1.166840188795165822e+00
3.932737301787649353e-01
-8.607138185643616879e-01
-3.346242425346174776e-01
-2.747215857104544079e-01
1.549258824221571684e+00
3.469530037508689047e-03
1.760244335652051406e-01
-9.993414907281530368e-01
-5.885125764593530651e-01
1.092214362853413778e+00
-9.159093820181801737e-01
-1.433432467329954774e+00
-1.977970836920408981e+00
-1.232450653111876404e+00
-5.801122629611583648e-01
5.002105984067838351e-01
-2.834684880220193492e-01
-9.780218284446088317e-01
-1.211612452909643256e+00
-1.462268025769661028e-01
-4.465086052725562027e-01
5.194284402843650783e-01
4.433654980144210445e-01
-3.509247082806100648e-01
-2.523480431441991190e+00
-6.556740030184116108e-01
5.341437103123838348e-01
-3.699146950799707678e-01
-9.790219121676401182e-01
-8.440324907040996916e-01
-8.270125813188766717e-01
6.400360897238488445e-01
3.497020005493900463e-03
-1.090716289996561672e+00
-7.269666420773492899e-01
-3.352603612114748444e-01
-1.007233652588856332e+00
-7.107860529099208069e-02
-8.216341401834592606e-01
1.114107007954648898e-01
-1.008878371334426927e+00
-1.297419105444755916e+00
-1.150974615707513582e+00
7.268895123542176151e-01
-2.193471276794311198e+00
-1.227790856342562575e+00
-1.995234435391431416e-01
-1.257143148580264214e-02
3.649280272668405933e-01
2.940130388027990538e-01
4.997357412508973695e-01
7.030255117000616671e-02
-1.408599676324001404e+00
3.326251514012339427e-01
-2.111588051427427004e+00
-7.650589423865271632e-01
-7.706378985564200645e-01
-2.120337932671540582e+00
-2.694041427263651478e-01
-1.727924629863441641e+00
9.648095577955247970e-01
-1.931631918151580640e-01
-1.282114232160903589e-01
4.186345326577327608e-01
-2.127173836249620642e+00
-3.679585953468816895e-01
-1.402202971720216684e+00
-1.716379808927273265e+00
-1.661703357922366564e+00
-2.267688993119856278e+00
-7.718319753897460167e-01
-2.483932181476005585e+00
-4.228143697428443648e-02
9.135093429098809503e-01
2.562548526545321836e-01
-1.022874036335909231e+00
-4.022755094479671278e+00
-1.905868861362670863e+00
-1.422897303755215948e+00
-1.897256958626260204e+00
-2.743980244123138235e+00
1.176306187455022911e-01
-1.413880005745037138e+00
-4.149078986858578677e-02
-1.543988878929066999e+00
2.476437500020085558e-01
-8.380868105161156656e-01
-8.751599685309257026e-01
-9.683555850959020272e-01
-1.768893514314917592e-01
-6.142784072756491964e-01
-1.438106217815026344e+00
-2.955627368010921074e+00
9.069755597126721858e-02
-1.901015430021436581e-01
2.054310998310204250e-01
-2.871637825723556969e-01
-1.013097658463075201e-01
-8.410296504504017889e-01
2.723419703043061246e-01
7.187430917203254666e-01
7.589426312363534155e-02
-5.564038197990119894e-01
1.905911930363990425e-01
-2.481931931733032393e+00
1.950881048994442812e+00
-8.867517793784991387e-01
-1.315375295279795465e+00
2.360401896478077910e-01
3.904833703038607107e-02
-6.517599930002886399e-01
6.455034934487949849e-01
1.130865557178498820e-01
3.142500074065531779e-01
1.001344482292722660e+00
-4.994917317646366817e-01
3.887685238013121047e-01
4.373438732027355030e-02
8.501726775035065575e-01
-1.385311197615732182e+00
3.740924155390868977e-01
-5.554734079494936250e-01
-1.366360808924683701e-01
-1.830655000436278712e+00
-3.749032029759335471e-01
-2.803256865443165546e-03
-2.624067871835935040e-01
1.173167685992793086e-03
-4.015486912991464985e-01
-2.068081655064171187e-01
-1.090048135102563931e+00
-1.791342563540630151e+00
-9.534020814901664753e-01
5.674686657085126207e-01
4.357577463851403099e-03
5.026216954232455292e-01
-1.141230612041309156e+00
-4.767500085670584586e-01
1.154472555223404751e+00
-1.238423349677575169e+00
7.283157718668655800e-01
-1.465428882537473054e+00
-1.421131045219174105e+00
-7.749301182633141494e-01
-2.229325309658568344e+00
-1.354246998878582797e+00
-7.998246319337907195e-01
-6.833535912210836338e-01
-1.329957360661837340e+00
-8.026264539240216545e-01
-1.273353133939501891e+00
-1.181869299903715032e-02
-3.828748966583712110e-01
-1.149582830398899080e+00
3.313445657869424910e-01
-1.450877400897935487e+00
-1.534037681040240964e+00
-1.376076849687290604e+00
-1.697474411361857172e+00
-4.921856851814305212e-01
-2.269024910806572981e-01
6.003248899183818432e-01
-9.257760659719265206e-01
-1.525091300697908103e+00
-8.754898618864802584e-01
7.931319713856852527e-01
3.197148010058428191e-01
-4.760799850083504703e-01
-7.108976083151197223e-01
-8.433389255351184666e-01
-1.338292501099369591e+00
6.286212130054974478e-01
-1.921583310405960088e+00
2.975906086919032356e-01
-5.446586062609434231e-01
-1.386167524620850910e+00
-1.453359404184153103e+00
-2.464835978218730128e-01
-1.037079169209822460e+00
1.215252706722799836e+00
-8.377065181484791845e-01
-2.755320958468166381e+00
-1.900861421166166743e+00
-2.662399365198742096e+00
-1.376900620250113949e+00
-9.750519876979466538e-01
-6.616377270049436099e-01
-3.967235985341504012e-01
-2.085138785643791404e-01
-1.204602120244247399e+00
8.552362422217461013e-01
-3.752528439054120257e-02
-1.107581374258363560e+00
-3.330669963187936622e-01
-1.394163267757485114e+00
-1.770682895883292085e+00
6.993903649933829181e-01
1.185562496340769822e+00
2.205318830024588506e-02
-4.190634674220428124e-01
5.061259064806611363e-01
-4.728719552630225031e-01
4.741574136651580673e-01
6.252179775550302798e-01
-2.933098521506394274e-01
-6.354829644557046242e-01
-1.092253325194995073e+00
7.048999167110281405e-01
1.741829882464707435e-01
-5.379395288651038776e-01
1.282974025071798252e+00
1.637620284166134477e+00
-2.152876472493260085e+00
-2.157056092715308182e+00
-2.367100818729438727e-01
-5.387439911249378710e-01
-1.624048230063691145e+00
4.181990035848026643e-01
-1.439392993753131789e+00
6.865616871960283918e-01
3.188024026137495914e-01
-2.615457940657683333e-01
2.437959153635775866e-01
-1.770906851681796290e+00
-1.297439934813452878e+00
-2.192604006483390156e-01
3.862791614137359719e-01
7.526828450916029922e-01
-5.168011791498006158e-01
-1.019293296326085674e+00
1.429519092972377559e+00
2.674613395073351718e+00
-6.577651626859487566e-02
-4.159686035496250600e-01
-5.904606785353172516e-02
-8.805839798138370700e-01
-1.859123112232008435e-02
-1.311580742201119865e+00
-6.690486733379447104e-01
3.586824617433007623e-01
-1.534391371753480948e+00
-1.205669870175588798e+00
3.649222300335319691e-02
-1.016250152015253372e+00
4.603266081457827452e-01
-8.557298462156339713e-01
-2.011232773541299923e-01
2.839712903179328896e-01
-3.102930979339302286e-02
1.437985958008699550e-01
-1.283133657606659206e+00
-8.420543276547117761e-01
6.653909742257602122e-02
-5.160890199131389355e-01
-1.696610451104255457e+00
-8.310799642540045440e-02
8.481489448250091323e-01
-6.218592092450999642e-01
-8.556963847385162802e-01
-3.954881861640111018e-01
-5.718383712780998884e-01
-4.153388408396815334e-01
-1.640495767496787494e+00
-1.102238790071318197e+00
6.730319892678360283e-01
4.479771639424758867e-01
-1.051172751295532670e+00
-1.261376493828865630e+00
-6.341581030598597568e-01
-2.157577014442551011e+00
-1.179632366183346992e+00
-1.247350177182714015e+00
-1.849018705809168939e+00
5.268182851783730358e-01
-1.090980130314949781e+00
1.056824666299765347e+00
-1.554140910430922284e+00
-1.166084544993174044e+00
1.003178039976895475e+00
4.387968292054020836e-01
-2.097786184378637175e-01
-5.374220484622176386e-01
-4.212111906057408039e-01
1.953594168694656741e+00
8.481234350404719402e-01
-6.750056536159495524e-01
8.402307848012927627e-01
-1.789333485174275928e+00
-3.773803208098167605e-01
8.634191566695947895e-02
3.252917244366522187e-01
-3.114956370464952995e-01
1.245807397133496419e+00
-7.454205532566473558e-01
-4.922459207129430969e-01
-5.913763543672722056e-01
-3.632577389222689246e-01
-2.480343890202996171e-01
-2.059459168951466579e-01
-1.401201931662240829e+00
-2.128669396785328072e+00
-1.627838613331416662e+00
-1.143205219882394985e-01
4.152808877242425423e-01
-3.875932140120856295e-01
-4.928478988762921564e-02
4.942929664109785293e-02
3.807394865700033937e-01
-1.803587285328699941e-01
-2.485295172353463866e-01
1.136490028573296507e-01
-1.603701923229390758e+00
8.072555561835654814e-01
5.577049846685613321e-01
8.288607137064883945e-01
8.368308242987694268e-01
-9.087570555340622469e-02
-2.382495007174031121e-01
-4.351930593179019202e-01
4.650898401575996322e-01
-2.251678399995759305e-01
-1.217824029823803667e+00
-3.201540343483735285e-01
1.455984553901212841e-02
-1.641904110291587116e-01
1.885288849664302546e+00
-7.341460786196634114e-01
6.051393861436873411e-01
1.631011572151652156e-01
-1.476672601683926889e+00
1.712189555272885189e+00
2.215281958632777659e+00
-2.201480613034771383e-01
4.765983226254775773e-01
-3.353548567018957982e-01
2.117393570435779360e-01
6.912994037888720023e-01
-7.386867872347877562e-01
1.768229376004335940e+00
1.165585170205077459e+00
-7.405307694228986382e-01
2.003227615328741162e+00
-9.484255804193326700e-01
8.828494482052418046e-02
9.610640482524956951e-02
6.190398541645044661e-01
1.257308309282096470e+00
-3.204320744229416373e-02
-6.696387789070376018e-01
3.139760064159005104e-01
1.931538951105704616e+00
1.660171300438227027e+00
6.127870688029999346e-01
1.379222447875126267e+00
6.514050457059497035e-01
-4.326877832386122336e-02
-1.185068852515153814e+00
7.633678054496779719e-01
2.777896263814290112e-01
6.019426144369544041e-01
3.068351994998764765e-01
1.834490244905143674e-01
1.020131452232250657e+00
1.901295597529714998e+00
5.328796000235846986e-02
1.489165825116963715e+00
2.488595498219978275e+00
3.059739849259571765e-01
3.121211393663959610e-01
-3.927818402325617964e-01
1.331918868602292694e+00
1.006946232101572969e+00
8.147872342127780998e-01
2.191817617702310983e+00
2.260453690903156954e-01
-1.742739501525114587e-02
-1.478936683298440302e+00
-3.823494575935018069e-01
1.140892292998382462e+00
1.789483664575156840e+00
9.041797944231726447e-01
1.479528781629688261e+00
1.232241371225907489e+00
6.874676498578489170e-01
-6.812499083063355831e-01
9.218856658954779348e-01
-2.111943087428274080e-01
6.376488391572392445e-01
-1.383589018740939425e-01
1.270747789635563896e+00
1.039843855317720944e+00
8.628608084539273193e-01
7.185765667155519232e-02
7.110350512497939368e-01
1.202092616272727899e+00
7.362530976237600111e-01
7.245069216714700167e-01
-9.941167718724169822e-02
1.107074069169779129e+00
1.441466314500264634e+00
-1.709005835200718471e+00
-5.493892093034253854e-01
2.001131995446551848e+00
-3.315917692011813855e-01
-8.829877535264840649e-01
-5.459255414191709344e-01
1.085352648257391417e+00
-3.551817480328894883e-02
-8.230520145237795182e-01
2.301456339794639039e+00
-1.048479344529376966e+00
4.242516112157823649e-01
-2.170477034890536672e-01
-2.516924688130419696e-01
5.802430922237378219e-01
-5.236351816704991613e-01
-3.280391560507192605e-01
1.438213045660447220e-01
5.864273950446148298e-01
-1.080574867697243757e+00
-2.626002026711410364e-02
4.456212696790500805e-01
-5.146012396504696662e-01
-4.905817268828182032e-01
2.606236758210511706e-02
-4.386848096493001781e-01
8.723687137865738794e-01
-1.064693609697132115e-01
1.367204707000307495e+00
1.086074179032597620e+00
7.771283771223524983e-01
-1.139167202149797276e-01
9.584791967469032947e-01
-6.212018154654039837e-01
4.970648897613379469e-01
8.376572233121409861e-01
1.416669245238109776e+00
3.709875714952743375e-01
-2.725225239247120457e-01
-5.407612988744379123e-01
6.475079227641370450e-01
-9.326143594105535950e-01
4.806260341930269631e-01
3.406183998794576895e-01
6.938810167668670870e-01
2.370993436248634012e+00
4.939023863842015860e-01
1.374472505876460193e+00
-5.496239035374828052e-02
2.469581981649386027e+00
2.104351703241766902e-01
1.689346535515548808e+00
2.551205171352375345e-01
1.862254198905935354e+00
-3.410319190369104358e-01
2.030848074729255437e+00
7.257189709569277225e-01
1.941703748547110919e+00
-2.886305955533406964e-01
3.883470967198354162e-01
7.066730107608375500e-01
2.850764514720599774e+00
8.682353145199769306e-01
2.478638833822504495e+00
1.780053187589153429e-01
3.526065569764127439e-01
1.750290868339530181e+00
9.594487180216193511e-01
1.052343725067969249e+00
5.159622829423115009e-01
1.605662799949012065e+00
3.923107998686293785e-01
1.555732849345834445e+00
1.557151829422887435e+00
2.093651524809609032e+00
1.298234232922539366e+00
4.374173004397001741e-01
-8.059788653460686625e-01
1.402536927342523665e-02
2.041382436172500370e+00
1.394504797835085075e+00
3.262409406911137566e-03
1.866573909557034394e+00
-8.683231719554581618e-01
3.322946133941732105e-01
1.307594991154845010e+00
9.161799093786325843e-01
4.847853086368048570e-01
1.230515555510665493e+00
-1.011925063873167163e+00
-1.922489698007030512e-01
1.082613265600952168e+00
3.336742072971343731e-02
8.283850539585274619e-02
8.839077696915154103e-02
8.844504503877250734e-01
-5.775752336445668655e-01
-3.525924186529461046e-02
-3.930041198681982761e-01
3.293318745319612217e-01
1.729429091774086769e-01
-8.038680780291254102e-01
1.620916869690890438e+00
2.200770843021535028e-02
-1.055268029144161845e-01
1.281465968957695267e+00
-1.541374167860349864e-01
-9.316627490284228319e-01
-4.171824202193993303e-01
-6.159585672783366439e-01
-2.495198047548685683e-02
1.447204872389064034e+00
4.007025282702073588e-01
3.453836333924583113e-01
1.049382171218133264e+00
-4.867918330243091729e-01
8.578581046917597153e-01
2.190760265549056118e+00
4.349719093756544974e-01
-4.626611728520439726e-02
-1.264703646865806164e+00
-8.578810370191249923e-01
-6.289483431390392454e-01
1.913930615100285504e+00
-8.752176927797448158e-01
1.670005048931483826e-01
7.718343445198337927e-01
-9.265317531312688981e-01
-1.116678649273796564e+00
-4.682598536039996873e-01
-6.256643942611086473e-01
1.833145476078796188e+00
-4.757644774452734482e-01
-6.273536987169548995e-01
-1.281212664508251553e+00
1.908624509235497868e+00
6.537263381669857765e-01
1.455741811646372508e+00
2.296952213359072792e-01
-5.023649563052327016e-01
6.066620097112100929e-01
7.760102756904033727e-01
4.180481132294990299e-01
1.019931209467607180e+00
-1.237293126120460052e-01
8.186486630460604319e-01
-4.067233303659493204e-01
3.002681671852356349e-01
-9.456887581729411796e-02
1.696975674779228171e+00
5.960810125287052674e-01
1.133389612944937674e+00
9.790632087288761998e-01
3.395577954523349540e+00
1.562079894625930887e+00
1.652383863896622396e+00
4.689794064808678886e-01
1.101491500977392901e-01
1.386059269795913540e+00
5.797110397192770659e-01
1.118631279459099792e+00
1.118346737963602289e+00
6.127708083839547015e-01
-2.284125489172943446e-01
2.512047781872401853e-01
1.443526978402239980e+00
6.311574914602574582e-01
-1.460381918275177604e-01
1.104889099891555926e+00
4.751143744115119416e-01
4.359971176676751825e-01
-8.831090992875306744e-01
7.997297258332827230e-01
2.742561834967961465e-01
-6.857984277229366432e-01
1.016654180647827310e+00
8.963746111986949927e-01
5.446257136403991339e-01
-1.269402522375059350e-01
2.169421974436704481e+00
1.573783720891171356e+00
1.862392084518593727e-02
9.421353418950095815e-01
-5.771402397132777695e-01
1.644566105840930437e+00
1.634072218405451249e+00
9.172283182845686333e-01
1.585574232878598222e-01
8.887587364436480009e-01
1.014823381019223758e+00
9.412021402670667225e-01
-2.340527231231893657e-01
-1.132699331637428974e-01
-8.714933452234896460e-01
1.181272204531668146e+00
4.129602930536342975e-01
1.465092969204319306e+00
9.743473357939939072e-01
1.057172803405816541e+00
1.721223397488076845e+00
4.705247637469340272e-01
1.269139968884210212e+00
1.151610276011213019e+00
2.669540285912511912e+00
1.539780701672977647e+00
-3.018434171816923861e-01
9.841599807490590823e-01
6.734779116614715289e-01
1.624480900170143904e+00
2.643334342174315232e-02
-2.456548185932133088e-01
-8.527543276255428184e-01
-6.722597210751056762e-01
-7.429815553383480875e-01
-6.325978147411469577e-01
-1.433681255774261198e-01
7.947979875963151475e-02
1.001212071810266169e+00
-1.146912855963368338e+00
-7.333763988517060239e-01
8.897787257382379078e-01
-6.284208265070437838e-01
8.179341289681347771e-01
1.162840500539952027e+00
5.292422799761653529e-02
8.405668667320003173e-01
-6.239253679871439862e-02
-5.344029274764394710e-01
2.566429236031377847e+00
-2.363590974386841070e-01
9.514806651602603083e-01
8.497536227716278034e-01
1.895461583217643353e+00
9.103991861709757050e-01
-1.141376022845350668e+00
5.712656320337766713e-01
-5.810097964943496951e-01
-4.362544990524021560e-01
5.598595768170939735e-01
7.853611235520956413e-01
4.458629389414857647e-01
6.240051730524265317e-01
1.116103271567288946e+00
2.497664530503750369e-01
9.056474901067679273e-01
-2.117802826508540237e-01
-8.877489415987153132e-01
-1.014692498125534525e-01
1.334491064443316111e-01
3.557593729666005955e-01
4.641148709294162789e-01
8.202526758825041675e-01
1.657145473666207236e+00
1.110715018870516158e+00
-1.199301551273114663e+00
9.253731992235809667e-01
5.123556740512524854e-02
-2.090278487620124137e-01
1.736174492202738673e+00
-1.405536354601871762e-01
4.309930614489395073e-01
3.742518961238409103e-01
2.177578542775951753e+00
1.175978727716342487e-01
1.821737299393539233e+00
5.130867762387163467e-01
3.963816687799329719e-01
1.006920377810559541e+00
9.644660909665208059e-01
1.874655280832051796e+00
9.836115890301255771e-01
2.286978742792379116e+00
3.651791256629014493e-01
-3.594817480975193158e-01
4.934544692248005182e-01
7.311706848682858473e-01
1.267803881871235605e-01
4.693771155155749275e-01
4.843864296890265653e-02
5.039843642902234189e-01
1.166842199815940173e+00
5.598916679561679599e-01
2.167436193896584928e+00
7.825552076423912817e-01
1.520183361717252435e+00
1.272494854752824534e+00
4.566207101753234632e-01
1.020694015295199319e+00
-5.156871916471319484e-01
2.127804673249722001e+00
2.794420512875927187e+00
-5.536514824529865653e-01
1.361252810525873436e+00
1.090569815813464016e+00
-4.784598530612101386e-01
3.170498118990495717e-01
-1.221766153051904169e-01
-4.575991658683221663e-01
-6.091386446209163807e-01
9.954811094315596520e-01
2.367088139441087868e+00
7.544577979009872148e-01
3.832030527009824272e-01
8.031272658015805588e-01
2.619435266828541442e-01
-9.151762205747934753e-02
1.108924657705875783e+00
1.104451164187220391e-01
2.028631002010094497e-01
-8.408112583124885409e-02
4.190001738733862280e-01
-5.156315615672949493e-01
9.106655358298214598e-01
-1.831054537520760084e+00
-7.217308880984135699e-02
-1.319732078083663662e+00
-2.362849941271945864e-01
-8.813828338463040035e-01
-1.702357784145194675e+00
-2.590527471754150435e-02
5.198985412057499644e-01
5.776931876987049241e-01
8.978755678059824330e-01
-1.179244904419756601e+00
1.115512537569257834e+00
-8.252001521801770600e-01
1.078085297891542949e+00
1.571760285171153737e-01
-7.487101932285034067e-01
-2.075057793177426113e-01
9.391929862346108937e-01
1.476276182343060128e+00
4.132064815589535645e-01
9.756767235756402812e-01
-4.078130270949630320e-01
2.088766322843543521e-01
1.021475950613661032e+00
2.123733903489188890e+00
6.477162922606263251e-01
6.911699527923023112e-01
3.841944617035669696e-01
-6.244534510572568031e-01
9.768207418150695043e-01
3.287376276071073411e-01
1.591423183775366734e+00
6.933889841104241558e-01
2.444167734916463108e-01
7.600680244827114906e-01
6.743082100356880826e-01
8.941986562517054704e-01
2.072686939495483216e+00
5.752435285608491489e-01
5.383845971869847258e-01
2.097664742670947824e+00
-9.542707846674705063e-01
1.679446408669786894e+00
1.626097517753577471e-01
4.946020877207518152e-01
1.340554549978589582e+00
1.549940892189568764e+00
3.457213644031966737e-01
1.799401820268655472e+00
1.120294033833997283e+00
1.277323578694528949e+00
1.419752132621822316e+00
2.000005237832265692e+00
1.129005468777717125e+00
1.178732859173186487e+00
8.024297647119037480e-01
-2.493921438285671144e-01
1.718302161258377092e+00
-1.322821310072729295e-01
1.218673999172024347e+00
9.798064974257947313e-01
1.958239759828525717e+00
1.485252607571852845e+00
-4.201371100282951243e-01
1.117049449748755530e+00
1.823507974629940964e+00
-2.667541472890342380e-01
4.575416844541108086e-01
3.683969017852624095e-01
-4.720071163009039727e-01
4.448665903864472138e-01
7.420307091518948406e-01
2.805218991616251767e-01
4.978083223339408447e-01
3.853648457454984522e-01
1.545896734084365898e+00
6.675379103840463069e-01
1.417380439783270774e+00
1.894556524533434372e+00
3.665076886941210921e-01
-1.579665064280562081e+00
5.326848593969326640e-01
6.996838214584175653e-01
4.872039499788782813e-02
2.816831707206978730e-01
-1.796999173865355681e-01
1.717759504475392829e+00
9.790791642775773518e-01
7.494239869886777372e-01
1.218624769178382916e+00
1.382263167770420464e+00
-4.485326764540683575e-01
2.884014001018097573e-01
1.045908260816634378e-01
1.742667339464775145e+00
1.063190205149992407e+00
2.905730051132519587e-01
8.371859918686046509e-01
9.389422766277508714e-01
9.152033069238177942e-01
2.555444476612651061e-01
-1.397243000428369242e-01
-9.522261453678625143e-02
-1.859674765646612604e+00
-1.601343723306558608e-01
-5.190423753172497268e-01
1.141470010059836726e+00
2.036830927622952370e-01
-4.287612111125195247e-01
3.473192807284474770e-01
-3.023492862310517282e-03
-6.885980864881819929e-01
-4.563417790607723901e-01
1.665341551971334377e+00
-4.315844048574324354e-01
-2.524550361933611820e-01
-6.573881572528644801e-01
1.752267044096567750e+00
8.994178210619476754e-01
3.476589005407926258e-02
2.398619166329317043e+00
3.418099685643355423e-02
1.834772454929288088e+00
1.292864193964849528e+00
1.557976766537632507e+00
-1.010519593766847857e+00
9.645437073656748517e-01
1.189125421879164035e+00
2.112448084303413687e+00
1.623117308234894640e+00
-3.925122571265471372e-02
2.013728079211333899e+00
3.171375141996752856e-01
-6.416033683786336317e-01
2.822210942316238924e-02
7.262371195406737145e-01
1.338286248633517195e+00
1.265701534320044175e+00
1.528158607447425599e+00
-8.402882283966552901e-01
9.934055541308793869e-01
2.626754985056233060e+00
6.492059680778190511e-01
7.251521944964018918e-01
-1.667744819543149237e+00
-4.893132374593817113e-01
3.654951892055546825e-01
2.116177419154879891e-01
2.071922192879664504e+00
-5.845466173597926307e-01
1.257144667165957186e+00
1.749078150810986498e-01
-5.129524779280039137e-01
8.001717578602944858e-01
5.002081357027039488e-01
-1.435350070989949156e-01
1.574863815555436197e+00
4.108541816793684909e-01
-1.530277379070857924e-01
5.401132185682798736e-01
1.161203728144097225e+00
3.231208663255904501e-01
-1.353413532334417635e-01
1.949038617050799838e+00
5.597980783053271292e-01
3.372921589108460738e-01
7.771536196427641929e-01
5.403028361285464598e-01
1.400770849445879263e+00
8.876354900551924887e-01
4.872128067104664062e-01
1.752905438896104062e+00
1.994212692430193279e+00
1.628165761379599896e+00
-1.354852762860140558e+00
7.084258169231416602e-03
1.470758738079729344e+00
-3.031025579767678835e-01
8.860259169831776749e-01
1.082411840200340647e+00
1.460541313141098030e+00
-1.030784716423180924e+00
7.597664853732936097e-01
-1.530991861858715941e-02
1.370311344683218469e+00
1.989111593938921452e+00
4.646378848062379108e-01
7.817868314179607925e-01
-1.411290993206702482e-01
-1.784910868046661880e-01
1.242902139913304449e+00
4.942609881820678730e-01
1.570739245902313508e+00
7.324003862752253013e-01
-8.735969379589785255e-01
-9.487667637908253626e-01
2.986193017306215669e-01
-7.699989258716257723e-01
-5.361949305776468888e-01
2.690245112677771000e-01
1.169198555414348445e-01
8.010374574119693003e-01
-9.283202391504826734e-01
-1.249116256288017368e+00
3.348443701501304659e-01
-7.120680323358661301e-01
-5.560731104849307715e-02
1.035059792370832898e+00
-2.309237580507864651e-01
1.217557840114826817e+00
8.628478889151189879e-01
5.954293251107866114e-01
-2.734190986394234857e-01
1.168197510419756391e+00
1.204705512948118784e+00
1.615310544847428531e+00
7.870779273432834677e-02
-6.454536440995506386e-01
3.611142455492924452e-01
-3.074444666693166295e-01
-4.470620201366588553e-01
-1.236569906434533905e+00
1.527097019989221760e+00
1.018118209382744110e+00
-7.190909493578587774e-01
2.036464134261295467e-02
1.407111135031358096e-01
1.105778642178949944e+00
8.532249072854976024e-01
4.968983729808434391e-01
-1.628799416723634597e+00
1.273886930564451569e+00
2.082421743977628914e+00
1.255405643237041735e+00
1.926931340903796031e+00
1.136325081290789907e-02
2.070805083828219928e-02
1.820921390995766220e+00
7.584440969148914524e-01
2.187493157430704827e+00
2.499789788148646608e+00
6.314529954258719657e-01
2.389208373092848170e-01
2.729452985027271961e+00
1.378594646376012145e+00
9.346771093089734084e-02
1.736874864562062193e+00
1.260903950365967363e+00
6.011983171764181400e-01
1.386764964682596579e+00
4.288555309509417546e-01
7.810313050254533707e-01
2.053724528165882024e+00
2.657812405165987268e+00
1.873446481300841793e+00
-2.240179217629911790e-02
1.367148532158228846e+00
7.117680352713575687e-01
1.361488808518576565e+00
8.740447292517415923e-01
1.534216583394983680e+00
2.420009358621575402e+00
1.797025226826429734e+00
1.428482892046367692e+00
-3.062503321277283419e-01
-8.083384877429178328e-02
-6.155069115585347639e-01
3.038643504721423305e-01
1.477255027113780539e+00
3.876930092861854416e-01
1.036147263679195296e+00
-5.835508521305210472e-02
-1.418606575233117839e-01
1.414616560080425467e+00
1.980949892681771907e+00
5.051426846910638258e-01
2.593851964114823327e-01
1.689597987949885027e+00
9.271311294616162435e-01
2.196557963573829930e+00
1.255102755008215887e+00
7.335884344748502262e-01
1.335213278616529609e+00
4.457545586992078812e-01
5.432094951520697323e-01
1.176708694211171968e+00
2.390094383584639992e-02
4.839161877614280849e-01
2.533932071485709980e-01
3.040260924661071229e-01
1.213700426770884189e+00
-4.188016695964001945e-01
1.279718256171316293e+00
8.771562730840829492e-01
-4.010130990891562219e-01
2.365097855025205531e-01
5.553593052890655191e-01
1.315810485527611762e-02
1.215194114432615713e+00
-6.372526160474941692e-01
1.060417116075088872e-01
-8.385140500228108196e-02
2.570992284066083156e-01
-3.832085114294985773e-01
-1.457711552895044171e+00
1.341598814801905126e+00
9.639443860101695183e-01
3.553916262409684279e-01
-3.784326750665320538e-02
1.416366284546204390e+00
-4.455146005853269919e-01
1.089764644521544756e+00
1.921864756092637627e+00
-8.265284549306732842e-01
-1.705953718672760799e-01
2.001715308829945528e+00
1.197421870333094107e-01
1.293885958531530322e+00
1.419252988793390236e+00
1.919551919166613274e+00
4.713852823389681479e-01
-3.598466919622423932e-01
-3.788924570307166118e-01
1.484303099341627963e+00
-1.937789817268773085e+00
1.575379377516840762e+00
1.421774438055928291e-02
1.313946097238937405e+00
2.785390379335730415e-01
1.131567532687430599e+00
1.531150392755857848e-01
2.032118059402203691e-01
-8.765759475728854833e-01
1.290649051420792670e+00
1.077294392678087132e+00
-5.062459015289219044e-01
3.796923545192279481e-01
1.208443491085148924e+00
5.149537695925621161e-01
-1.278365392410013568e+00
4.392195580833619939e-01
-1.149887251062232663e-01
1.305150968259214839e+00
2.390733971642615696e-01
-2.854436801590410910e-01
5.793485420208321912e-01
9.886391044896913893e-01
8.415474625120229479e-01
8.568251068229637557e-02
2.252499244425631986e-02
9.792982920081561016e-01
1.807954628061483104e+00
-4.280198952923799371e-01
2.659296383425575616e-01
1.417129638402574665e+00
1.224133195043347833e+00
1.830477608878230411e+00
8.267760438982796334e-01
6.656184054802741779e-01
5.107792016568648563e-01
1.076775188809571127e+00
1.781288537764799784e+00
5.442959651480834271e-01
9.756363465195210249e-01
8.613359918880471033e-01
-9.610790975125738100e-02
2.373744550310178170e+00
8.917693628636977898e-01
-2.517936436268098932e-01
1.120352434667233332e+00
1.220076787250681694e+00
-1.435146090174982403e-01
1.120882315436454446e-01
3.194597490933022144e-01
1.743757137356571008e+00
6.856701447867705745e-01
5.078485209531788946e-01
5.961327021992788300e-01
-4.529835534105216555e-01
1.243705227515605305e+00
7.551542521682201858e-01
2.108081075445323638e+00
1.700813414657023959e+00
-1.257344407557036803e+00
1.189373598034848101e+00
5.364552084094874607e-01
1.991658212111088844e+00
2.266993844970673078e-01
1.892217389710831643e+00
4.374131707025745719e-01
1.228177664054572293e+00
-6.079269542378127333e-01
-2.348044222956285620e-01
3.418826210783201258e-01
-1.975106191201163597e-01
4.378987219071180936e-01
4.811752929397731804e-01
-2.360935305135401507e-01
-1.153014325637173876e+00
8.154870275811926250e-01
1.254701318774892771e+00
2.182567963646687426e-01
4.135514009692705106e-01
4.451480058257610839e-01
-2.688599765295874855e-01
-1.084541353007082654e+00
-7.597311781584809021e-01
-2.737614325577997221e-01
8.601325244370176815e-02
1.898948845593920465e-01
-4.241741516786896593e-01
1.631933252885500729e-01
-2.923035635863491244e-01
-1.185853642702254795e+00
1.008469896793489973e+00
-4.293313381507075643e-01
-7.817688235855146939e-01
1.851804875540368212e-01
6.634919503278144948e-01
1.363937995127306735e-02
1.059198267248943726e+00
1.218453030382854685e+00
1.175907785836226793e+00
1.122483602212972054e+00
3.011017757274653817e-01
7.400588211798695415e-01
-8.860232834637380428e-01
3.394846173095437680e-01
2.249982329319685448e+00
-1.051330444555286681e+00
7.452975317477856798e-01
8.131669902342490985e-01
1.077853471082906855e+00
1.478269675479723766e+00
2.476846023925505236e-03
-2.730094050432897435e-01
-5.935040259203128166e-02
1.443522752837193002e-01
1.369956186981536650e+00
-8.679275778087214288e-02
2.721222950675505903e-02
1.259218371640686840e+00
1.599526138674510989e+00
2.603256677220167070e-03
1.316582937898698180e+00
1.236552376184278490e+00
8.797472731670806789e-01
1.730300923174214578e+00
9.857476497015016381e-02
4.040674833258278698e-01
6.494583446027308860e-01
1.387902655167408073e+00
1.604562899270635778e+00
6.118288304204269057e-01
8.358068908139055786e-01
4.669674319219668801e-01
2.464382552559637451e-01
2.132396936525280395e+00
1.136773749058470173e+00
1.436688533145744628e+00
8.337080742326068439e-01
1.163884111117061471e+00
1.016226027392056475e+00
4.799717163479758075e-01
1.568002264914968968e+00
1.643248879000806850e+00
8.887656505532102180e-01
-6.013552782310038758e-02
-4.336448122229219493e-03
7.871491962593426539e-01
-2.351574841968406826e-02
1.723458095234177700e-01
4.152067443966181437e-01
4.682625699068378999e-01
1.421817206453023452e+00
3.120086261801259253e-01
1.952728255885083364e-02
4.469696195855775156e-01
1.036190089252087887e+00
4.798351238156531862e-01
-2.472813866933172844e-01
-6.613863093005478699e-01
3.781980800567087964e-01
-1.903589123007675132e-01
7.145423655157985277e-01
9.547261896650002244e-01
1.116158539351120860e-01
6.168203329309092098e-01
1.129047845872441114e+00
-7.003822568300358542e-01
-1.410421782343010744e+00
6.218522470606797636e-01
5.378296627750807080e-01
1.218759749713339335e+00
1.000359688548427606e+00
-2.730411507585888131e-01
-2.009420240664310686e+00
-1.175504588197386013e+00
-1.507359009590040211e+00
1.890173440819903350e-01
6.851267367057034541e-01
5.931392200581336871e-01
5.015423653029565942e-01
-9.009925258064148401e-02
6.791629905804935641e-01
-1.276379796615915996e-01
2.936347525616771897e-02
7.515521203194058808e-01
9.844003823038650625e-01
5.105050109431645833e-01
6.916865400210630010e-01
3.731069936390374320e-01
3.119040471001046089e-01
9.353638630772558304e-01
-4.244188357289473412e-01
1.975466874767246805e+00
1.317500100289838105e+00
6.548726741669226303e-01
7.512138533489099990e-01
7.901835238870914546e-01
1.846804999058458296e+00
-6.272933568233193258e-01
1.194517777418170890e-01
-5.457505020248476502e-01
2.349548381088950144e+00
9.362833764355091848e-01
-3.278488345869179366e-02
-3.685191328777696063e-01
4.940196942375535416e-01
1.046904902887255240e+00
-1.580329532163996520e-01
1.663715362978241963e+00
1.020634827422489677e-01
-1.477343681979608192e-01
5.578353914660272306e-02
1.101324325359470002e+00
2.398259123255966685e+00
1.305585213810260159e+00
7.265930414091326117e-01
1.957044402099958225e+00
2.163359222605211185e-01
2.940019771786388958e+00
1.121185040913504238e+00
2.150536765360969493e+00
7.297989224927811103e-01
1.488207432846810008e+00
6.493305873201402623e-01
8.027846172898345234e-02
1.522578569374592572e+00
3.152586912517596929e+00
7.737114637325928079e-01
-8.394438130031001144e-02
1.253866408366926866e+00
-5.085899820450892062e-01
1.574793745535630007e+00
-6.586742900490902830e-01
8.969363203291056408e-01
1.151807173002541651e+00
5.894285536139155512e-01
1.071891197411165120e+00
2.917845280695812171e-01
1.179954230966064666e+00
2.215172715980097351e+00
-5.627342771557015677e-01
-1.276333641743140790e+00
-9.416486927020417674e-02
1.496669237575940503e+00
-1.052105815578453507e+00
1.502592069368233751e+00
3.430484591840928799e-01
1.368529351886466294e+00
6.935056496921223612e-01
5.399082309944679414e-01
6.971481842562717857e-01
4.591215017334011605e-01
-9.408567022379326072e-01
7.911245258334839159e-01
9.944158835431444743e-01
6.091704307673254659e-01
5.698241761156408458e-01
3.649570422763208644e+00
8.949197914017742450e-02
-3.577658836170372614e-01
6.721448997879365672e-01
-9.901132318111016684e-02
8.229982586647355269e-01
2.806740676978461968e-01
1.199569027817557920e+00
1.465563078154958898e-01
-6.491525277844993891e-01
-3.975516544108428363e-01
6.346834316801391873e-01
6.540930720178167457e-01
7.384406395739482321e-01
-2.413011992964432251e-01
5.636245539550164274e-01
-1.109366802370513660e+00
2.952448558372553489e-01
-1.861759811417545152e-01
4.218075782891446135e-01
-9.939059682575093202e-01
-1.352801656091678906e+00
7.673018769456286803e-01
-3.253879095979128611e-01
1.022554183137948325e+00
7.804925381269108842e-01
-1.538035611059679064e-01
-8.190039116882992243e-01
1.037341732676234418e+00
1.868260097665415120e+00
-1.233923395747574370e+00
6.198517854696364848e-01
9.390289161442766375e-02
-1.982690076345513752e+00
1.039173668615855917e+00
1.094479981106298627e+00
3.820677242879128022e-01
2.283701938297333922e-01
7.539369311079447966e-01
2.313076314084979712e-01
7.615745835195015800e-01
-9.841685984550145871e-01
9.448815087988535755e-01
1.077252091102185894e+00
1.042165944105313491e+00
2.092907270650063989e+00
9.136561288195111930e-01
2.971573128132000807e+00
1.767391180644743542e+00
1.330370653793660818e+00
8.395403664491883911e-01
2.779999010947401539e-01
1.867729897319393650e+00
1.622572962321831902e+00
2.822936929861087352e-01
1.834520534831598937e+00
3.692414927030001515e+00
1.676952524893024155e+00
2.521399665004619095e+00
1.384468130668521368e+00
5.967917686686713408e-01
1.735147944566423517e+00
1.506518711328302063e+00
1.837064342149504759e+00
1.642179270592299956e+00
2.603556598027681801e+00
3.072625226094420459e+00
5.778097263024268848e-01
1.719976295734191529e+00
2.245387950411045885e+00
1.742062631286031227e+00
2.363709457133034153e+00
3.510161224736468633e+00
1.762851682018174326e+00
1.977838845818750357e+00
1.898522096757178756e+00
2.295271128483121537e+00
1.663948147610446737e+00
1.966926964183969062e+00
3.614180110628007370e+00
2.683125604042199797e+00
1.107848366667567142e+00
2.745349336221417857e+00
1.754021808956293338e+00
2.359737289998451892e+00
1.447303769186501610e+00
1.318165519838566224e+00
1.444722515108109562e+00
2.500035545653831459e+00
1.409162976602519990e+00
1.696698237823813793e+00
2.124003050292875283e+00
9.107029281511505037e-01
1.601381758173968439e+00
9.687236240755565664e-01
1.472584656765716815e+00
2.160836722921511743e+00
7.088050033230925973e-01
-1.753488344987319536e-02
1.373537403920749744e+00
-4.281983429817141085e-01
1.450610293362750269e+00
1.763682279063522262e+00
6.946662174566499148e-01
1.546130391800406123e+00
5.302909294932445228e-01
-1.424842005640514220e-01
4.969583395636176237e-01
-5.171855432581672352e-01
6.608955456436478304e-01
1.381017840909810390e+00
5.141465757829780658e-01
-5.441779715936729822e-01
3.776869873342020290e-02
1.049507488403365052e+00
8.332267119400554867e-02
1.527053515002501527e+00
-2.043160280613575130e-01
-6.081161864795312511e-01
1.324044427930090473e+00
4.044662541042797765e-01
-3.862531067407722896e-01
-4.422500052777508239e-01
-5.270030007248120985e-01
-6.453045483923804115e-02
1.271123634085188137e+00
7.501484145509063062e-01
9.897389578438668956e-01
-1.085910470998723287e-01
4.709934670651272359e-01
8.925898183047795698e-01
-9.621586105672997880e-01
-2.104184073960416734e-01
1.160860474659549890e+00
6.470142335900880282e-01
-6.274216320617946874e-01
9.846003914692252890e-01
2.600055400360115510e+00
1.140257435419701704e+00
-6.455507547737729945e-01
1.314156913868910426e+00
-5.770671008445182881e-01
4.361521488519770617e-01
1.035395260823880115e+00
-8.087875557308784602e-01
1.339819616096059818e+00
-3.810960664683895605e-01
1.265468122811725493e+00
1.243384051824780734e+00
-6.195553533627227161e-01
2.018116951071012188e+00
2.046145079353367535e+00
9.708741865057107789e-01
1.189721509853001402e+00
1.054164118697386243e+00
1.481234267282943051e+00
1.178699715905324297e+00
1.112940934663357417e+00
1.510461632539071397e+00
2.974768380691646286e+00
1.673324326800242901e-01
2.050229687827744840e+00
2.388633371939564931e+00
2.052030931161269667e+00
2.339803644240654457e+00
1.666316828795724181e+00
2.645335207508887621e+00
1.726874284449009700e+00
1.888153863567542334e+00
1.977072915114626905e+00
1.147649652389816088e+00
2.559671134312718976e+00
2.074310262116952686e+00
1.002124332036683274e+00
2.814772650847817914e+00
1.631872155903403954e+00
1.861500357443024223e+00
2.450901025841823788e+00
8.628735090900845339e-01
2.511231734163969165e+00
2.870019443854409325e+00
3.151968520452107292e+00
3.394813781833361688e+00
1.683752111954288422e+00
2.816921831341073101e+00
2.334086814648665964e+00
2.670084383066729572e+00
5.508870290387213320e-01
2.374088535074278639e+00
1.892803773667988132e+00
1.464888154599044867e+00
4.674848625306446959e-01
2.381539540305119385e+00
1.270264283223873303e+00
6.471109491196431751e-01
1.812433240972417092e+00
6.817896796986033792e-01
6.813967868994647015e-01
8.498415112572628161e-01
-6.051194684395300172e-01
2.638740261782921426e+00
7.034679320800538704e-01
1.196922605714156429e+00
1.218645339690501483e+00
4.057485517832480904e-01
5.367692171654133704e-01
1.429161140471255198e+00
2.959022886862516799e+00
1.600628625927398296e+00
-2.090319458049846313e-01
9.771089805673696116e-01
8.639120386885393854e-01
-3.465298134662721519e-01
6.449532051255830734e-01
-5.711554927275164228e-02
9.281753537071149585e-02
-1.307191892290412216e+00
-1.309568327133986410e+00
-5.900305488605039894e-01
-1.356259223963466098e+00
6.705927165404043100e-01
-1.289384029468714887e+00
3.599034302490954906e-01
-1.394217429200458325e+00
-1.230169483854833407e-01
1.862517225834317558e-01
7.118829791357028647e-02
7.605878285524159121e-01
-1.558446239100618191e-01
-2.322796390000301248e-01
1.517326982693269377e+00
-2.732506960410321373e-01
-6.985378757998220722e-01
1.320270719615753041e+00
2.215822632056844377e+00
6.297382208332992226e-01
1.070013385059593425e+00
-3.528832285436356297e-02
-1.462058381103344962e-01
6.775025653307898965e-01
-9.868405911913575856e-01
-4.295582815550524902e-01
5.350581936476692668e-01
-7.191401181793577457e-02
1.751601353247307369e+00
-1.419954222501055296e-01
1.770370488591911373e-01
3.170819318030512424e+00
2.213903657848989237e+00
1.931359388278018452e+00
1.526999664680358304e+00
7.472148627914834140e-01
1.405790996411653948e+00
1.099687350566209032e+00
1.321498024322142140e+00
1.248677152924330347e+00
3.099525091990120274e+00
1.110578406138734042e+00
1.840993103185720958e+00
7.900517519234496744e-01
2.013428906619837644e+00
2.166506756563624236e+00
2.285055804487853504e+00
3.298039868934321994e+00
4.620184096480568492e-01
1.722751486291712153e+00
2.955731996530067907e+00
1.561574587323134589e+00
1.839046434632262139e+00
-3.965361023665221474e-01
2.351192721319395496e+00
3.999929115455734596e+00
3.409587667994486093e+00
1.132772168102808230e+00
1.759614809765999155e-01
1.170563893143153678e+00
9.033690903746411927e-01
1.515336663586231758e+00
1.079334673668696620e+00
1.820391495334366727e+00
1.656886445779629291e+00
1.151135549636886690e+00
1.464327080226968336e+00
1.083617419732219478e+00
3.774114234196093154e-01
1.176218046490244973e+00
3.519998731349286203e+00
1.401312399995232383e+00
3.365811915642511920e+00
2.692602903173243689e+00
7.313331425152762577e-01
1.064201509383464472e-01
-3.266841323904614569e-01
2.441715786229556429e+00
2.380646024554805784e+00
1.376509940961248013e+00
1.186723421628485875e+00
7.701193989336023726e-01
1.570597001053347652e+00
7.349738230256874782e-01
1.375540239022126299e+00
5.731034385246267515e-01
7.516130261742685059e-01
1.247721189906498829e+00
2.392482231996885922e+00
1.389070308215828220e+00
-1.280639337092509322e+00
7.264457967417481399e-03
-9.192040939212245965e-01
-9.329132988435695495e-02
1.039408253190333475e+00
1.639327560905616821e+00
-1.867239898020172650e-01
8.660976522121386356e-01
-4.472877334042366648e-01
1.314156913734140009e+00
2.445721569578560295e-01
1.109535992319023112e+00
-1.976301617468562588e+00
-1.081337345667667538e-01
3.809939438755803875e-01
3.253631421694517245e-01
1.466034182027324828e-01
-3.110562861562111148e-01
-1.082649697227948238e+00
7.722673757719595855e-01
-3.413011330472756066e-01
-1.554596147721796884e+00
1.675586656880065695e+00
-7.089806177287421018e-01
1.016663128945414218e+00
-4.697796939077385492e-01
6.642494198840291908e-01
9.440694352123069066e-02
1.271875487593130405e+00
-1.307545570462945062e+00
1.829416906286773781e-01
4.197492121578814683e-01
7.824236617134689986e-01
3.001149460632224208e-02
-4.440611961162375110e-01
2.278182201485293490e+00
-4.100186310227316167e-02
-1.536449850787411364e+00
2.000249518894070544e-02
1.692173043568692137e-01
5.404332521849258830e-01
6.112535519954767071e-01
3.674931342808811507e-01
7.039421822419686947e-01
1.376817350123667127e+00
6.326585938765357797e-01
1.673283786930593875e+00
3.329036047549631228e+00
2.355309021060837615e+00
2.529375141237887981e+00
4.817690373175691487e-01
8.751976122010616255e-01
3.184842959140026242e+00
-4.103991924359795540e-02
2.576710226700103412e+00
2.010404584753311408e+00
1.642169305317944250e+00
3.182854135602669832e+00
2.031629917648662964e+00
1.390030165557505359e+00
2.487021468652797829e+00
1.745936458251047929e+00
3.568793339220824201e+00
1.689520367187614225e+00
9.170989536555287369e-01
2.170776476975911695e+00
2.300331915404084882e+00
2.718940621159215532e+00
4.239347789350109696e-01
4.952259046328042480e-01
2.700025263944712428e+00
1.608306329260874357e+00
1.303730254790361975e+00
2.753586731568293811e+00
1.434535375747904906e+00
2.369179040113589263e+00
1.625053473821505223e+00
3.089027333341119341e+00
2.145254826619739319e+00
9.509048337079217816e-03
2.840264198362034254e+00
1.247427410087358579e+00
1.120553804046638735e+00
2.278932305210467746e+00
1.017613184295591999e+00
3.032454615244813967e-01
9.379449937262118731e-01
1.454574709602583615e+00
2.126222203455672144e+00
6.887529481278111820e-01
1.977070578479649843e+00
4.254976051103717127e-01
1.363510129934498050e+00
2.364240889666100909e+00
6.312769664497746014e-01
1.244754078410940989e+00
-5.155756795245561852e-01
-5.262493568302228919e-01
-1.783097220062136445e-01
1.637714219434463825e+00
7.075127485368964964e-01
2.178154797956477484e-02
1.482866423570680325e+00
1.984213529762129058e+00
5.531893313453758454e-01
6.071308460275736119e-01
-7.004623733938869501e-02
-1.649267687766670099e-02
8.808584109963120135e-01
-4.065902475073923106e-01
4.569219755651939829e-01
5.404039512485568908e-01
2.118222153374492711e-01
7.892273532565950989e-01
1.548819565825245270e+00
-4.530412702854447748e-01
6.826064676640867246e-01
9.896832808334167231e-01
-1.613189642892509101e-01
6.152160399017438941e-01
-1.292527498602259906e+00
5.360734336501697950e-01
-2.022318326324470394e-01
1.855243114866552689e+00
3.799170122927782445e-01
1.975424788595914638e+00
3.022540698078176602e-01
-1.633631422227548313e+00
9.482175363301152959e-01
1.026613913043396886e+00
-1.362866021909478587e+00
3.229902613709278447e-01
-8.361173100500124411e-01
-8.331106798994828422e-01
3.035388326677246340e-02
7.985499100718268517e-01
2.272245139685250770e+00
1.578434736826049845e-01
2.628074902685371139e-01
-2.401274925894923973e-01
2.654690214704284124e+00
6.929148087298611092e-01
2.022682796079564582e+00
2.217736938806736280e+00
2.015485080935381923e+00
2.016508712189468255e+00
2.171354384174240870e+00
4.767581045053964628e-01
1.738714607132149981e+00
2.046256840343453121e+00
2.009989930159267413e+00
1.660730953581212699e+00
3.390839825390852269e-01
9.113887880832439725e-01
2.691680543046852669e+00
2.204218808755525671e+00
3.712679816934096433e+00
1.356983176017288795e+00
2.929451945234450960e+00
2.664020141617430948e+00
2.164018414788270839e+00
2.516409497313494725e+00
2.395701772931705165e+00
1.698646669402216203e+00
7.332773998641295421e-01
7.137940612679538610e-01
2.391851001952527422e+00
3.300047486363830274e+00
1.807797263803883059e+00
1.511093570444449696e+00
1.662346005739566701e+00
1.425871457462447811e+00
-3.791006727660930498e-01
1.438916473375130289e+00
2.299265030627816842e+00
1.844307935906856821e+00
4.627593221294670212e-01
1.896521864560271720e+00
1.103623246221527410e+00
8.977251405955894992e-01
3.500334013081751738e-01
3.054769575861382425e+00
1.920565070247617800e+00
1.352534067505677395e+00
3.071360114079458192e+00
1.219086273586837965e+00
1.223326221675343772e+00
1.595486080163679432e-01
1.661324161941247990e+00
-2.929672608350519791e-01
1.559156215999287109e+00
1.576572868161320029e+00
1.035910463806381410e+00
-8.891789430704366559e-01
-2.708513922382571604e-02
1.332364332475144186e+00
5.402922679737871547e-01
1.431363640826277539e+00
-4.505440332053629593e-01
-1.049491706577598826e-02
8.213578358095279253e-01
8.756061834877248984e-02
9.325093299140227998e-01
1.470849368684435943e+00
-2.336919728233859406e-01
1.828487441973830618e+00
6.750325658782692084e-01
5.676145579462333890e-01
5.540399674594329582e-01
1.699511517330013488e-01
1.146084650370739810e+00
-1.292261774194978785e-01
-4.860806358022515261e-02
-1.991901105957316898e-01
-2.969120492161953506e-01
3.474824782683252344e-01
-9.239664801870695054e-01
1.762178790389620775e-01
-2.736851075962811186e-01
6.462758289971759496e-01
-3.158487142294258421e-01
-2.131065025890561238e+00
7.807234482833145250e-01
7.252299851060917124e-01
-1.228213707967464874e-01
3.490063644561986478e-01
3.004939120597563962e-01
7.696663825357548117e-01
1.195181097582441510e+00
-7.610526623377111832e-02
-1.896867306211610371e-01
4.024044309732455194e-02
1.091980051067708457e+00
4.596699824478537866e-01
1.000507033795767553e+00
2.541802546118115957e-01
8.799314516974626743e-01
-4.419233823141054396e-01
2.157635062663539660e+00
1.018013237601084198e+00
-9.509531393734116378e-01
5.951116841713929295e-01
8.779898238209735695e-01
2.799487649211373608e+00
1.661050967772012665e+00
1.155430467399408467e+00
1.282897888469602288e+00
3.704938696007682442e-01
8.507004080761724207e-01
7.611982742353350373e-01
9.487693658637617045e-01
1.345890030774335999e+00
1.579400972014354254e+00
1.500746604180798194e+00
1.812806767432105781e+00
2.320050670217585598e+00
2.425325358437826040e+00
1.978229401951204336e+00
9.174369992361912640e-01
1.572353793591099613e+00
2.440337314260927037e+00
1.846289077758367148e+00
2.174919043093341386e+00
4.188458881373489096e-01
2.954013310836958173e+00
1.880395056886973615e+00
1.571468946255569987e+00
3.136246090349573912e+00
1.385962534926810763e+00
7.453759049987769281e-01
2.349446028946604592e+00
3.579620977901097234e+00
2.391948198742706921e+00
2.094948329615707205e+00
1.751332008021185382e+00
1.804944782788621360e+00
3.015581075995632521e-01
2.220809929097902646e+00
1.744059150512017986e+00
1.616435178018154728e+00
1.149833982097753005e+00
4.202376535272076552e-01
2.146513412697144130e-01
-3.230443218522172089e-02
8.376238180050927795e-01
2.137989548296036268e+00
4.874557287614744716e-02
1.898089742692420145e+00
5.993676581775890799e-01
1.765213529622918776e+00
9.162197579957807037e-01
9.240380788596460615e-01
4.013196052433717353e-01
1.118294614933905251e+00
2.969192769381638897e-01
4.746752588525540717e-01
1.473312754095950750e+00
1.606757719378268057e+00
2.608176336651693461e+00
-2.561804568578408547e-01
5.483000067742512806e-01
4.042903740247986155e-01
1.090371313037910905e+00
-3.801875695591234727e-01
2.280557352143792293e+00
-4.643566745492683223e-01
9.664000279041651265e-02
1.121673507239393741e+00
1.803320235916077152e+00
-1.006405995768455686e+00
8.652234632376153423e-01
2.273651808000619390e+00
-1.101526396533216712e+00
5.213112549876872670e-01
4.161636103447595714e-01
5.909116097234202725e-01
2.436049989091541301e-01
1.269548557364322594e+00
4.446319749711167835e-01
5.778712115613926503e-01
9.136576793186832468e-01
3.306449270230137349e-01
1.270869709704445460e+00
9.689537694848646687e-01
-4.666621643358275784e-01
1.196190488493613924e-01
6.067976183123402478e-01
1.229967756683145508e+00
1.624601126834346321e+00
6.336122814240413570e-01
3.069181235155895582e-01
1.635644178387872127e+00
4.114244698923756327e-01
1.240034127178904821e+00
-8.143606891429933103e-02
1.019687835352679484e+00
5.357487059976027144e-01
-9.573545736691391195e-02
1.111491545164016825e+00
1.198746000840677173e+00
1.789901523048691878e+00
1.635449644823665505e+00
1.943134904349118397e+00
8.209685755303204324e-01
1.460698073893321958e+00
4.048362002554969363e-01
7.219377269645118611e-01
7.372459554443053786e-01
2.381605164166058941e+00
4.631111017746726288e-01
1.587867934083113886e+00
7.925096603933132755e-01
9.426346849115918580e-02
1.614338261188229096e+00
-8.169306312450053120e-02
2.461165110257931499e+00
2.256663507551452508e+00
2.695251665922832274e+00
2.205274789399182644e+00
3.617465425658934919e+00
2.772518347265252370e+00
2.711259279289569779e+00
1.418826502668967704e+00
1.312386095813780962e+00
2.420262494527131381e+00
2.877675951053773939e+00
1.609834156854478060e+00
1.750569220830232364e+00
2.003311640337801958e+00
3.324989788858001116e+00
4.458480902182266892e-01
2.317875197289263500e+00
1.277392917418371798e+00
4.349429588658237922e-01
3.622997057223267703e+00
2.356417729828398144e+00
2.080398995077804347e+00
8.406638861601622992e-02
1.057658551937086244e+00
1.138708897654652219e-01
1.852355694112289175e+00
-4.000803877084990745e-02
2.052506708117601164e+00
1.227859732691307437e+00
1.462584937213262659e+00
1.795052664231599815e+00
2.878421132594150222e+00
2.305046971402165745e+00
1.379088233395888929e+00
1.500737822131446464e+00
4.093761412662000332e-02
1.923675000837387072e-01
2.429852509926466286e+00
1.561929745877445264e+00
2.269403490812829993e+00
-6.539776840089354115e-01
1.773780217176812002e+00
3.974039026734507152e-01
8.461317238071019986e-02
1.160544284639903445e+00
9.660194898564133936e-01
4.140356915607760202e-01
2.268019407646395535e+00
4.970411946302452089e-01
1.215757958912494496e+00
-4.032513697289129562e-01
-1.082450662480102799e-01
-1.370558671051591570e-01
1.025458918295572008e+00
-5.411219123445494272e-01
-1.704200974193862961e-01
-1.939790646760854442e-01
-7.904019163749980148e-01
1.181702344424114814e+00
1.092789584658173663e+00
8.424119976484703010e-01
7.528155144112913533e-01
5.323787421877593795e-01
4.154941992145760321e-01
2.872624545988314848e-01
4.733864808942980784e-02
-9.621651188386219911e-01
4.579044088873628349e-01
-5.456903414315203982e-01
-1.187368946173735784e+00
5.776635072888514078e-01
1.759616771442851224e+00
1.512771326379260373e+00
-1.554363312762351068e+00
4.156748168396436349e-01
-3.955663134067733955e-01
-4.939124009224175049e-01
8.372988290352829654e-01
1.702667085663126301e+00
2.041204942293540547e+00
7.957273007084275651e-01
-3.252159166348580488e-01
5.552087294914009874e-01
6.541937201324279361e-01
4.320174848858631678e-01
1.216795517933747295e+00
1.806107228945789345e+00
1.383054014899538053e+00
1.858622460792738629e+00
1.661447469565048296e-01
2.272345416736081258e+00
1.922862948879470846e+00
2.083932012597481620e+00
3.641167532425715336e+00
1.658431754781697354e+00
1.312054033228166494e+00
1.618281887006692399e+00
1.539463120225275983e+00
3.185870004513069453e+00
2.154630824454348392e+00
2.041890497676359217e+00
2.593612342492281009e+00
1.422505931944465729e+00
1.907624498704689309e+00
1.241400187415313328e+00
1.819086228377797543e-01
1.739789036844099357e+00
2.051138660470188224e+00
2.005704625540093655e+00
3.279970051426976063e+00
2.104848848035125730e+00
1.857004039178657973e+00
6.870043483690357888e-01
1.932457134149139666e+00
1.530434583108676749e+00
2.517070776347360095e+00
1.744419401819617299e+00
3.613934425769768310e+00
1.188277632127913597e+00
3.622297542481840438e+00
1.085211202585633528e+00
1.602446416234224902e+00
2.618279866640379261e+00
1.606977999772888799e+00
1.820738811437995874e+00
1.756886986925623839e+00
2.716822839884167617e-01
1.423303130766710334e+00
-2.062588274412702205e-02
6.823331700030773606e-01
7.583975302430329135e-01
7.644938775872021086e-01
1.565323352902555198e+00
7.155595858982104485e-01
5.227962040375767616e-01
-2.491275240930712620e-02
1.790688378009540171e+00
2.105431987280306227e+00
1.310724131184458185e+00
6.581758557355312789e-01
6.444667512801780518e-01
3.162282612524878189e-01
1.687610809794963362e+00
-1.047185045376999746e+00
-1.188586594999488932e-01
-1.929077155552588740e-01
2.363084760419693620e-01
7.797345907258855791e-01
-1.480401025428722539e-01
-1.777459841607998303e+00
2.496837359530818534e-01
5.406411451251315059e-01
-2.382490999292119493e-01
3.832712474958248627e-01
-1.492415441951220112e+00
7.519813659777789816e-01
4.736566864393746412e-01
-1.282826735143671515e+00
-1.425421999293505548e+00
6.846539597623304552e-01
-1.057112588924791208e+00
-1.417496681056903962e-01
1.994155876915000514e+00
2.720152986979771509e-02
7.032347356998427390e-01
-6.452291093726193472e-01
-1.040435609872596201e+00
-4.573627605629954074e-02
1.122405730479118624e+00
2.514900336293596217e-02
1.603777532932240568e+00
1.438433713691426030e-01
4.197996731295691175e-01
-8.632294530533035637e-02
2.293703672344240552e-01
-2.539375973248436669e-02
-7.354678563014708237e-01
-6.091043960125256396e-01
3.463904921992555508e-03
2.256409259663914035e-01
1.474955578022782987e-01
1.375475449665654049e-01
2.473468806666382136e+00
4.841780980884030638e-01
5.795507920139779667e-01
1.208300673454120844e+00
2.177138661356156746e+00
4.348921121494576658e-01
9.213518433489473747e-01
1.823842019146239446e+00
3.237199861788233601e-01
-2.068646235951157042e-01
1.108154736364915127e+00
-7.663341713456250925e-01
1.130814344540312710e+00
1.635372089774413507e+00
9.931875546790382980e-01
1.776077596210032361e+00
1.954823130036366319e+00
4.146868294135213073e-01
2.689269832068580612e+00
1.108690893401135913e+00
1.507076835417413108e+00
2.554118580357076951e+00
2.070378255994996586e+00
2.924545202709594616e+00
2.622270564028604589e+00
1.750855897410036111e+00
1.818428358521865018e+00
1.478450520012598801e+00
1.446670142450383167e+00
6.195199036693792571e-01
1.840541937799762495e+00
2.938346032360803939e+00
8.279151473466048738e-01
2.265461141323296790e+00
2.007464116362041029e+00
1.564330652917882425e+00
3.286740711200112131e+00
2.493348540948671754e+00
1.219785064443339451e-01
-1.647926871044516073e-01
3.057666414312707914e+00
9.233408506382647651e-01
3.479857448386824981e+00
1.945975595564965799e+00
2.485524174556370980e+00
1.110358293569242427e-01
1.370773146610327453e+00
2.385415734823198797e+00
2.164873703747259182e+00
1.135921838146025209e+00
5.973047410384614286e-01
1.071813072841661718e+00
3.075446370566002896e-01
7.354709364619083090e-01
2.368852916334349690e+00
1.661177876756017024e+00
4.479802505471506269e-01
5.109200129300770499e-01
1.228198043536504969e+00
1.418968840169159584e+00
9.527639156319872571e-01
2.995726201206481143e+00
1.177349970784477895e+00
-3.637419412350243464e-01
7.002977145575552953e-01
-2.318153359496706312e-01
2.681788156818905589e-01
1.020770883440133892e+00
1.167503058205653144e+00
7.645941425841227268e-01
1.240744679599604883e+00
8.862901977842908563e-01
8.827654154668453934e-01
-4.070498015938913694e-01
1.155069063877766367e-01
1.255438916892132495e+00
1.797938439020510537e-02
5.406927174048639095e-01
1.583610070574497986e+00
-7.676600993642276327e-01
9.025300487660663507e-01
-2.920983143743108301e-01
9.577340216317152821e-01
2.920067097258066680e-01
8.751079121882194833e-01
4.758126907713400300e-01
-3.622080692328830676e-01
-1.228293035430496838e+00
-4.517268397123085366e-01
1.069636631382038794e-01
1.946709571507194703e+00
5.063337847771981481e-02
1.858595650820648038e-01
1.286920375204836375e-03
-1.938523385998542903e-01
4.790661937094959910e-01
6.885043682185536529e-01
2.643193465811480181e+00
2.921022491364220208e+00
9.025504260912369237e-01
3.485185773402722509e-01
8.131147421062717706e-01
1.353041052652902199e+00
1.634251112545978879e+00
1.623794562148569209e+00
9.691873782897371115e-01
1.488307650145950678e+00
1.390753308965073876e+00
1.297472027257061011e+00
1.553796178070398826e+00
1.358535875774333768e+00
1.115091155924527566e+00
1.608242408306285842e+00
1.299139633399117866e+00
1.509870087429390884e+00
1.172193428186932396e+00
1.162271476721918217e+00
1.026019388534532117e+00
7.965399867140124934e-01
-4.204311698905938144e-01
8.011017500264248081e-01
1.331003618594144955e+00
3.448151652022031222e-01
1.233220590612567946e+00
1.592167542713901263e+00
1.926016473252952554e+00
1.172348438991811959e+00
1.903179810109661307e+00
2.247411910911042199e+00
2.251426247927745372e+00
2.337564637004894585e+00
2.032498416936344032e+00
3.236847424243199267e+00
2.688711824050717514e+00
1.649314459005384093e+00
9.078728557386176456e-01
1.782985383025711856e+00
1.911241018977081652e+00
3.519251851446264290e+00
3.247579784843360073e+00
2.552819053363417190e+00
-4.525069279864961658e-01
5.135782362602208106e-01
2.720489080575521523e+00
1.367881850425770152e+00
4.658705534461304865e-01
2.098280935353648236e+00
1.303057117705898493e+00
9.908077263453904937e-01
-5.779675977259226549e-01
2.412815522232705678e+00
2.062781125583431630e-01
4.779184168607649719e-01
1.106029965262036452e+00
1.237456051112984179e+00
3.177660685355149006e+00
-6.591414299777353936e-01
5.750216429753929326e-03
2.419949084820880447e-01
-4.019666302454559803e-01
1.750076534274153328e+00
9.924286933884519657e-01
-9.058346466906141981e-02
5.889805246096795344e-01
-1.386246648678496340e-01
8.644434057143730588e-01
1.194974605794121292e+00
1.833861608254530262e+00
1.701203527881938626e+00
1.918212795666508264e+00
4.721530390684430811e-01
1.568136577442103441e+00
8.714662568132947040e-01
1.120277895204799368e+00
-4.729014858912291563e-01
-6.653904581235587923e-01
1.526910642072817570e+00
7.129622762578287087e-01
7.679499788986461351e-01
5.920826146523493483e-01
1.262719608884374844e+00
2.136459499642096471e+00
-7.227410491121226688e-01
1.522943358106492173e+00
1.009436761740177546e-01
-1.632326516475528233e-01
-1.358285782617534854e-01
7.456366894268502410e-01
-7.241109569630455045e-01
1.475879537757408322e+00
1.002248444217960888e+00
1.635933765574831833e-02
8.620263723891130603e-03
2.344629945203521970e+00
1.600935482945915034e+00
-4.901928900592223970e-01
2.352696778292704849e+00
8.091685595382714924e-01
-5.468052114711807743e-01
1.046744259920155962e+00
1.929118383137862214e-01
1.650242938422947114e+00
-6.504142097182276094e-01
1.030776065723157053e+00
1.183423309976100679e+00
1.229412617043249334e+00
1.997448444654881916e+00
3.562412738654319178e-03
3.365045632367648087e-01
1.517885419199214159e-01
8.891127786138078859e-01
4.083569426318701123e-01
8.959733576422211909e-01
1.071074717450713809e+00
5.273009278189599858e-01
2.320115496457516358e+00
3.709083509140183588e-01
1.004537086847214322e+00
1.508219342031511090e+00
-8.063458800960845441e-01
5.423691675626504116e-01
1.064928958494242739e+00
9.035899750412568210e-01
-1.043370601257720409e+00
3.850677623607258182e-01
1.038738114215683517e+00
9.153832642254833285e-01
-1.109774338988069431e+00
1.057453702676389273e+00
-9.324193258872202072e-01
8.561206322246937006e-01
1.788702434998842516e+00
4.215346715972948521e-01
-2.194375914984903475e-01
-1.067407677324923920e+00
1.320236445425166383e-01
1.066302921625957634e+00
-9.293546267836358954e-01
1.083865434063957522e+00
2.207510536741124352e-01
-1.043931895511581498e+00
4.203018696542409893e-02
1.398309768608568371e+00
2.643302617909604191e-01
1.392633297151245619e-01
-7.197463297536189630e-01
2.213317577453971730e+00
1.578082617672939669e+00
1.618848206213971297e+00
5.490661822029494488e-01
9.731478279738465798e-01
1.130174053941660040e+00
2.085515171658307132e+00
2.230938567022056063e+00
2.592605214419565485e+00
9.620030233997177715e-01
1.499088672430389790e+00
-2.673288383326707374e-01
2.113704456968444667e+00
7.099739864972457459e-01
9.019164880609913393e-01
1.291731971591745687e+00
-8.231379614597049699e-01
1.530883352274435616e+00
1.110303189407276125e+00
9.432031436757515319e-02
6.767471580143022969e-01
1.596653006457906088e+00
-1.055649017990070382e+00
1.159905942752969876e+00
-6.968698180594937730e-01
-5.318538976291417031e-01
-1.683594825324670752e-01
8.256814209794915982e-01
-1.560875120589132470e+00
-5.357927675357603281e-01
7.961943304241054786e-01
-7.833146377597075549e-01
7.255969347940210978e-01
-2.937194063789597132e-01
-2.553887032716245509e-01
2.857088346878624563e-01
-1.121426415979388524e+00
-6.902654971294711617e-01
-2.925889668734698024e-01
-1.301199602151607460e+00
8.638896327723499802e-02
4.927421605280087880e-01
-5.149966938266408167e-01
-3.110537299798082911e-01
2.240679437735188517e-01
4.832867518829395137e-01
-1.026958733080203245e+00
1.173235188479027524e+00
4.718962866360658648e-01
1.009241918030169050e+00
9.797772132263181666e-01
2.179739746067899553e+00
2.414256272099286171e+00
2.029918213694749340e+00
1.080393748500163564e+00
-7.326013047015741408e-01
1.112103378949466537e+00
1.570593475041598852e+00
1.876574725357847750e+00
1.618847112682968659e+00
9.518813468838605019e-02
4.373192486517747390e-01
1.735585237971755568e+00
7.245592302874763746e-01
1.785510706889055665e+00
8.269359025079592307e-01
1.534378720585547251e+00
7.313232719060328568e-01
-1.843738499998480718e-01
-2.291350452889470146e-01
-9.566951200946895995e-01
9.064902521111248834e-01
7.081528320482837202e-01
3.231089017181623668e-01
1.782430725387936565e+00
-6.041256396375149773e-02
7.801332059922809758e-01
-2.960033164751095791e-01
-1.187314831294622008e+00
2.390126964241145735e-01
2.397271865978475303e-01
-1.364348357705091441e+00
-6.026296195791904786e-01
6.048064720899882785e-01
6.822784298669257730e-01
-1.053190532505124066e+00
7.274318119741188804e-01
9.740777916503461364e-01
4.147949967563010487e-01
2.992401265583403136e-01
-8.255160193853028350e-03
8.630548445646495370e-01
7.308357225816188851e-01
4.397542039295604943e-01
1.454795077398781222e+00
1.850461403116488768e+00
-5.725555574043528217e-03
1.097527936391737846e-01
-3.632424743413855683e-01
-3.453948327010974984e-01
-1.444439553799708786e+00
3.776485614442511296e-01
1.119950406869944404e+00
7.083627371542743356e-01
5.889414670724180123e-01
-1.428964580001148565e+00
1.930321929642134116e+00
1.808287300559275890e-01
-8.946966913112586184e-02
1.885508914910835276e+00
5.187428000978064890e-01
-4.905221726658314241e-01
3.013069037992464061e-01
2.097733321488578273e+00
1.268028869305970918e+00
8.638599685966256159e-01
-9.659817719397976177e-01
2.146511450138963717e+00
-4.033624764005717678e-01
8.953484810141645323e-01
1.154970917776327211e+00
1.450103956822173856e+00
2.665863156980280424e-02
1.120291871850015664e+00
2.141281448685117272e-02
1.920855584633590407e+00
1.935483190116619845e+00
2.784018294777020897e-01
1.257901200020836274e+00
-2.817217722594060891e-01
8.212600886341898665e-01
7.344033860783496515e-01
1.099275458102551895e+00
-1.419271488952037197e-01
5.297336985202021342e-01
-7.919543613845809737e-01
-5.371916509454409683e-01
-2.345567198605593151e-01
-5.524246503123433349e-01
8.739873479842731330e-01
7.319013941241470089e-01
5.976967674530672681e-02
4.004059934428487733e-01
-1.740763973575395251e+00
8.613158920956583975e-01
5.166062751340257941e-01
2.147794884379885971e+00
1.443908576520618103e+00
1.057718966433454755e+00
1.252425281886774489e+00
1.527612628242416726e+00
1.013610124969120729e+00
4.821403200416922719e-01
1.987127282331270228e+00
8.767407360322015952e-01
8.532777011668549738e-01
5.597376439554501149e-01
4.322016919293601989e-01
6.679110251365916184e-03
9.899416628829686982e-01
1.513345756933731190e+00
9.778999973500319687e-01
6.530198643599512964e-01
-5.818218746538025288e-01
6.837890263112607059e-01
1.102506671906686719e+00
1.095724010564249618e+00
1.011784566070656810e+00
5.504222000179900265e-01
4.658716699812781581e-02
1.772260534051158354e+00
-3.751776251882674718e-01
-1.196489990232232348e-01
6.794749418546657260e-01
-3.221411519042327587e-01
-2.391133526460113012e-01
-7.683129016441867520e-01
1.626553826216881937e+00
-2.519456207975827589e-01
1.099841858564607699e+00
-7.652748704816086933e-01
-2.002233104528610141e+00
1.838075122554620799e+00
-9.346188545301177264e-01
1.682396150954976521e+00
1.339979389890574524e+00
1.041454756004142501e+00
-2.002173995668762307e-01
5.830870141926397521e-01
2.144141007517921693e+00
1.361322593790060598e+00
-1.468489550463018434e+00
1.026969646115970525e-01
1.661510515884452033e-01
3.021231128231842145e-01
-2.507901672421105066e-01
1.622586636347447264e-01
8.533396281405429828e-01
2.836154094959615346e-01
6.178043673582693796e-01
-5.468229716116973504e-01
-1.316624589519599375e-02
1.043165208142032174e+00
2.715025346843243925e-01
1.170052734451762166e+00
1.874339433208795924e+00
8.537049933642604227e-01
4.644013864972628691e-01
2.646989406401169642e+00
2.304902582012525736e-01
-8.491206209166257679e-02
7.252493849420634797e-01
1.317279247232213457e+00
3.998265559568838778e-01
4.070913797887147911e-01
2.070802497271760689e+00
-2.100630474431127714e-01
8.704796215261191294e-01
3.034632639880741056e-02
8.808089086690445990e-01
1.178710309343428686e-01
1.741653326157841741e+00
1.419399941363582163e-01
1.626139730729943889e+00
-1.200861525785683614e-01
4.496167393147147973e-01
1.016430979314378202e+00
1.020707669477439294e+00
-1.071202405459651397e+00
2.406661866152113027e-01
-1.256599777854410516e-01
-1.191757459905214145e-01
-7.575756388579240053e-01
-1.471431725330440310e+00
-8.796972561123510559e-01
-5.506291431110739154e-01
-1.808163940453892726e+00
-3.767029276984834585e-02
-4.228923195847347771e-01
5.505208930136888945e-01
1.568231704162294182e+00
-8.437643301433781495e-01
1.120160520875064458e+00
2.411676836465954377e-01
2.274782575630279524e+00
5.425610529739646193e-01
7.092619417440050311e-01
-5.161343310121988548e-01
-3.196554179651431848e-01
1.145392441639609293e+00
1.452094768829510274e+00
-5.500651984610311906e-01
1.403495086996203733e-01
2.041989692627292463e+00
1.219455583408766586e+00
8.001925653531528626e-01
1.469921101280753595e+00
1.301481515217238094e+00
1.718272615825383376e+00
1.456868487395283740e+00
-8.612093942265592883e-01
2.373276092910416857e-01
6.634463747936074629e-01
1.534512942890415399e+00
6.623808312836966250e-01
2.539349524451769646e+00
8.847988422846490009e-01
6.403948228285833988e-01
-5.560681098516310206e-01
-1.133359374980017487e-01
4.573660537266311943e-01
-5.643774460733261833e-01
9.262721111806928587e-01
1.721767021946211784e+00
1.940829518531749009e+00
9.903344793640640464e-01
-4.363135245092574777e-01
6.377951964868806556e-01
1.838951310611930401e-01
-1.500870517511323499e-01
9.127453389813445783e-01
7.723465451109285951e-01
-1.191579778814608609e-01
9.715652279938138403e-01
-1.314426333690343451e+00
1.464958090239879107e+00
1.365270431968935994e-01
-2.526758402178561180e+00
-2.540977996336380440e-01
2.773267221630036361e-01
3.556846992479170688e-01
-2.369595338739682866e-02
7.896422777110010394e-01
-7.930858796846921299e-01
1.715855021699803085e-01
4.528720130139193834e-01
-4.550808170430048483e-01
-2.387034965791152707e-01
-1.139846111230746750e-02
1.409118856589310464e+00
9.705850187203712842e-03
6.705730297016418984e-01
2.749185696024703418e+00
2.376930740160153599e-01
-9.963681035418037180e-02
3.073146346760010861e+00
1.499222166353254782e+00
1.762073649614762871e+00
2.017984320831488709e+00
2.190915841840953338e+00
1.609010089251860620e+00
3.723512920838794038e-01
-3.515552314550042246e-01
5.130342471216796651e-01
5.302572701807868327e-01
1.321523949937994047e+00
3.901798430837263298e-01
-3.411474831127218055e-01
2.206077166099681963e-01
-4.023457354904905747e-01
-9.151456272372997525e-01
7.777656862607620347e-01
1.433804007310464756e+00
9.674369899151646912e-01
1.105830746243639418e+00
-2.122001034241561834e-01
6.188135767962883449e-01
9.928840978444584131e-01
-1.751822573475309563e-01
-4.630636939986187417e-01
1.181716703307062799e+00
-7.553384595031631399e-01
4.888012621448010186e-01
-1.207101764423445633e+00
-8.906629153825538214e-01
-8.941906524473020035e-01
1.008103415146207604e+00
-9.493993133931891704e-01
-1.167721916912318081e+00
1.309594266866822121e+00
7.552922892507727415e-01
1.096635744279022218e+00
-1.356409322316059818e+00
7.530598324179953451e-01
-3.957241041313946384e-01
1.663335641365888184e+00
-2.057289211166535292e-02
3.002517501005496081e-01
-1.572125791420192487e-01
1.431231809650634901e-01
-2.797232497957583552e-01
-9.673591468631859147e-02
1.742738037431364573e+00
4.745503291359134956e-01
1.369809014882672482e+00
1.015983421566986289e+00
1.962821099025616078e+00
1.255822488601425091e+00
3.186945940583580938e-01
9.064482913091954641e-01
1.063574257706743742e+00
1.345167438991424991e+00
-1.365328725058473358e-01
1.570562338205245156e+00
-8.639525642114969095e-01
9.357746464965531752e-01
8.378853327793870376e-01
9.830657076703013253e-01
1.099337612061956904e+00
9.695836779432048802e-01
1.493070044887591541e+00
-4.977892566908252991e-01
-1.022167493955557838e+00
-8.242064237394541859e-01
-8.757461015892716860e-01
7.505999652732695537e-01
-6.955909517082856652e-01
-5.676122761515638437e-01
-5.325117066809349486e-01
-2.894761844505249759e-01
8.583416726367657512e-01
-6.562526641953448925e-01
-2.179828169305207286e+00
-7.764775999463919831e-01
3.110430602936604116e-01
-1.904950093395607613e-01
3.810711790916243569e-01
1.604647375674014942e+00
3.349888646791814306e-01
-2.310906471281663210e-01
2.239704053557523555e-01
-2.916014929531697830e-01
-1.205356792729253890e+00
1.142820103510278962e+00
1.405067606042001538e+00
4.114408222441541252e-01
7.072860899559618719e-01
5.913392266267306630e-01
1.513487652066141553e+00
9.886543765579663967e-01
6.834277216912566510e-01
9.348073462309195447e-01
9.076116708430240765e-01
4.518230564583968767e-01
8.993128383837428741e-01
3.002743039258917168e-01
7.649352345452159474e-01
9.133181681157920284e-02
-1.527064027323397077e-01
2.183720848179236951e-01
8.789431206636635352e-01
1.267657129773589908e+00
-2.643484173700395568e-01
1.682395376634311157e+00
1.520735395386769495e+00
7.855655840084018182e-01
-4.395055781254795235e-01
3.843092928816388976e-01
1.173858360493018616e-01
-4.294275590566348777e-01
6.031786186323917498e-02
2.202551717390020869e+00
4.135312453451374104e-01
-1.045830121508864341e+00
2.449778842385832989e-01
4.601981362085755256e-01
9.287190211701050746e-01
7.906016933428018367e-01
-1.860309374133451432e-01
5.004618124920530153e-01
-3.483182890658980124e-01
-1.411144827805942970e-01
1.606668098548651169e-02
-1.707177591698344488e+00
